5.591362714767456055e-03 6.823122501373291016e-03
3.597438335418701172e-04 5.519986152648925781e-04
3.379583358764648438e-05 9.908974170684814453e-04
1.746803522109985352e-03 2.451241016387939453e-04
8.135735988616943359e-04 6.424218416213989258e-03
1.436471939086914062e-05 6.619095802307128906e-04
4.417598247528076172e-04 3.830194473266601562e-03
2.864927053451538086e-03 9.585022926330566406e-03
2.461373805999755859e-04 1.849651336669921875e-03
2.695798873901367188e-03 5.201429128646850586e-03
2.597033977508544922e-03 3.889411687850952148e-03
1.186788082122802734e-03 9.939372539520263672e-04
2.958118915557861328e-03 3.748118877410888672e-03
7.172822952270507812e-04 2.948611974716186523e-03
4.475712776184082031e-04 1.513361930847167969e-04
2.787113189697265625e-04 1.940578222274780273e-03
6.949305534362792969e-04 1.177102327346801758e-03
2.036094665527343750e-03 2.281248569488525391e-03
1.695692539215087891e-02 2.183768153190612793e-02
1.578271389007568359e-03 2.286225557327270508e-03
