1.813507080078125000e-02 6.511688232421875000e-03
4.126739501953125000e-02 4.474258422851562500e-02
3.837585449218750000e-03 6.031036376953125000e-03
7.286071777343750000e-04 4.096984863281250000e-03
8.468627929687500000e-04 3.858184814453125000e-02
1.239776611328125000e-03 2.990722656250000000e-03
1.096725463867187500e-02 4.111099243164062500e-02
8.258819580078125000e-03 1.273727416992187500e-02
6.370544433593750000e-04 5.794525146484375000e-03
4.940414428710937500e-02 2.134017944335937500e-01
5.058288574218750000e-03 3.287124633789062500e-02
7.404327392578125000e-03 4.496383666992187500e-02
2.047348022460937500e-02 2.775955200195312500e-02
6.676864624023437500e-02 6.145477294921875000e-02
9.071350097656250000e-03 3.017044067382812500e-02
1.731491088867187500e-02 3.618240356445312500e-02
1.586914062500000000e-02 1.050109863281250000e-01
1.823425292968750000e-03 4.822540283203125000e-02
3.772735595703125000e-03 2.313613891601562500e-02
2.837371826171875000e-02 3.527450561523437500e-02
