1.536738872528076172e-02 1.557838916778564453e-02
1.928520202636718750e-02 1.728010177612304688e-02
7.209658622741699219e-03 4.201769828796386719e-03
4.599928855895996094e-03 1.730918884277343750e-02
2.111327648162841797e-02 1.914215087890625000e-02
2.195763587951660156e-02 1.857399940490722656e-03
7.118463516235351562e-03 1.270675659179687500e-02
6.414890289306640625e-03 8.448958396911621094e-03
8.006215095520019531e-03 5.896210670471191406e-03
2.046275138854980469e-02 1.140034198760986328e-02
5.550146102905273438e-03 3.261566162109375000e-04
2.837061882019042969e-02 6.298303604125976562e-03
3.768622875213623047e-02 4.958868026733398438e-03
3.619790077209472656e-03 7.680892944335937500e-03
2.947449684143066406e-03 4.544973373413085938e-03
1.019608974456787109e-02 1.542091369628906250e-03
1.932787895202636719e-02 2.276897430419921875e-03
1.724076271057128906e-02 7.237672805786132812e-03
4.288792610168457031e-03 5.488753318786621094e-03
1.368176937103271484e-02 1.267910003662109375e-03
