1.380920410156250000e-03 2.821350097656250000e-02
4.507827758789062500e-02 9.525299072265625000e-03
1.533889770507812500e-02 5.485534667968750000e-03
6.565475463867187500e-02 3.433227539062500000e-03
1.189804077148437500e-02 4.718780517578125000e-02
2.851867675781250000e-02 1.543045043945312500e-02
6.637573242187500000e-04 2.256774902343750000e-02
2.959442138671875000e-02 8.168029785156250000e-02
2.508163452148437500e-02 8.448028564453125000e-02
2.879333496093750000e-02 9.488296508789062500e-02
2.612686157226562500e-02 4.165649414062500000e-03
3.565216064453125000e-02 2.117156982421875000e-02
3.801727294921875000e-02 1.942062377929687500e-02
5.400085449218750000e-02 5.435943603515625000e-02
8.512496948242187500e-02 3.078460693359375000e-03
3.879547119140625000e-02 4.077911376953125000e-03
1.441955566406250000e-03 3.202056884765625000e-02
3.734588623046875000e-03 8.872985839843750000e-03
9.689331054687500000e-04 1.371002197265625000e-02
1.627349853515625000e-02 6.324005126953125000e-02
