2.846121788024902344e-05 2.621144056320190430e-03
1.573860645294189453e-03 4.842579364776611328e-04
2.744495868682861328e-04 3.186821937561035156e-03
2.951920032501220703e-04 2.360194921493530273e-03
6.393194198608398438e-04 3.736615180969238281e-04
1.183688640594482422e-03 1.209467649459838867e-03
1.598477363586425781e-03 2.743005752563476562e-03
2.224743366241455078e-04 1.110076904296875000e-03
2.621829509735107422e-03 1.038312911987304688e-04
1.114308834075927734e-04 6.335139274597167969e-03
2.495676279067993164e-03 2.361804246902465820e-03
6.012320518493652344e-04 1.378655433654785156e-03
2.492249011993408203e-03 4.354059696197509766e-03
3.463566303253173828e-03 2.845972776412963867e-03
3.046989440917968750e-04 1.003533601760864258e-03
1.761496067047119141e-03 3.896206617355346680e-03
1.582503318786621094e-04 2.916365861892700195e-03
7.117688655853271484e-04 1.750499010086059570e-03
2.066940069198608398e-03 9.697973728179931641e-04
1.741141080856323242e-03 3.506898880004882812e-03
