8.949935436248779297e-04 1.104265451431274414e-03
9.000301361083984375e-05 3.481209278106689453e-04
1.896679401397705078e-03 8.674263954162597656e-03
1.844197511672973633e-03 2.022922039031982422e-03
1.379936933517456055e-02 2.155303955078125000e-04
2.294182777404785156e-04 1.593470573425292969e-03
2.181529998779296875e-05 9.661912918090820312e-04
6.414651870727539062e-04 3.707200288772583008e-03
3.795325756072998047e-04 1.204884052276611328e-02
1.414269208908081055e-03 2.864867448806762695e-03
2.232789993286132812e-04 1.105174422264099121e-02
7.532238960266113281e-04 2.057164907455444336e-03
8.884668350219726562e-04 3.577828407287597656e-03
1.186871528625488281e-02 8.213847875595092773e-03
1.132041215896606445e-03 1.469612121582031250e-03
5.548745393753051758e-03 2.468675374984741211e-03
1.744180917739868164e-03 1.960396766662597656e-03
1.405954360961914062e-03 2.696692943572998047e-03
2.628266811370849609e-04 1.477837562561035156e-03
5.106627941131591797e-04 1.412391662597656250e-03
