1.693143844604492188e-01 3.261772155761718750e+00
8.793020248413085938e-01 7.875490188598632812e-01
2.895421981811523438e-01 3.003358840942382812e+00
1.783968687057495117e+00 4.918819427490234375e+00
2.054243087768554688e-01 2.029037475585937500e-01
5.353593826293945312e-01 3.555297851562500000e-02
3.690719604492187500e-01 1.793537139892578125e-01
2.218971252441406250e-01 1.272816658020019531e+00
1.947860717773437500e-01 2.402804374694824219e+00
3.394231796264648438e-01 1.663175106048583984e+00
1.098499298095703125e-01 2.092292308807373047e+00
4.030599594116210938e-01 5.455493927001953125e-01
3.772010803222656250e-01 8.269691467285156250e-02
1.137027740478515625e-01 1.403011322021484375e+00
1.298340320587158203e+00 4.391978740692138672e+00
5.326633453369140625e-01 9.394617080688476562e-01
5.449275970458984375e-01 3.788566589355468750e-02
1.203663349151611328e+00 4.342736244201660156e+00
7.917772531509399414e-01 2.613397598266601562e+00
6.812753677368164062e-01 1.644177436828613281e-01
