5.642795562744140625e-02 4.987907409667968750e-02
7.262415885925292969e-01 7.163562774658203125e-01
5.814523696899414062e-01 1.191658973693847656e+00
1.270141601562500000e-01 3.886623382568359375e-01
3.681907653808593750e-01 2.120118141174316406e-01
3.756332397460937500e-01 6.524534225463867188e-01
5.494098663330078125e-01 2.414534568786621094e+00
1.080141067504882812e-01 5.298538208007812500e-01
3.819649219512939453e-01 1.493165493011474609e-01
2.963366508483886719e-01 5.002045631408691406e-01
4.808001518249511719e-01 8.364195823669433594e-01
5.851588249206542969e-01 1.646041870117187500e+00
4.523992538452148438e-01 2.972354888916015625e-01
9.906358718872070312e-01 1.929187774658203125e-01
4.300346374511718750e-01 2.005282402038574219e+00
1.329243183135986328e-01 3.550751209259033203e-01
4.297046661376953125e-01 4.140682220458984375e-01
1.613931655883789062e-01 1.421951293945312500e+00
1.078443527221679688e-01 1.753104686737060547e+00
2.782611846923828125e-01 1.522600173950195312e+00
