4.887342453002929688e-03 3.335833549499511719e-03
9.808063507080078125e-03 2.033615112304687500e-02
1.336491107940673828e-02 3.137469291687011719e-03
1.779079437255859375e-03 7.944107055664062500e-03
4.727363586425781250e-03 7.224082946777343750e-05
1.020455360412597656e-02 1.035344600677490234e-02
3.829240798950195312e-03 1.219320297241210938e-02
2.850651741027832031e-03 1.585543155670166016e-02
4.756450653076171875e-04 1.543742418289184570e-02
1.098752021789550781e-03 1.780575513839721680e-02
4.210114479064941406e-03 1.262867450714111328e-02
1.245737075805664062e-04 2.172946929931640625e-03
1.806497573852539062e-03 3.425002098083496094e-03
4.444122314453125000e-04 7.078647613525390625e-03
1.597166061401367188e-03 3.061652183532714844e-03
7.758140563964843750e-04 2.026081085205078125e-02
5.864024162292480469e-03 1.106846332550048828e-02
3.528714179992675781e-03 4.186511039733886719e-03
1.040101051330566406e-03 1.112782955169677734e-02
5.948543548583984375e-05 3.529667854309082031e-03
