1.706838607788085938e-03 5.524158477783203125e-03
2.528667449951171875e-03 3.327548503875732422e-03
6.318211555480957031e-03 9.879589080810546875e-03
2.821207046508789062e-03 7.100701332092285156e-03
2.795457839965820312e-04 2.406954765319824219e-03
1.397967338562011719e-03 9.950399398803710938e-04
3.217577934265136719e-03 1.275074481964111328e-02
9.137392044067382812e-04 1.559239625930786133e-02
3.322720527648925781e-03 1.940226554870605469e-02
8.113861083984375000e-03 1.990282535552978516e-02
4.300236701965332031e-03 3.440380096435546875e-04
1.740455627441406250e-05 8.612632751464843750e-03
7.987022399902343750e-05 9.929656982421875000e-03
2.687215805053710938e-03 2.877950668334960938e-03
1.424431800842285156e-03 1.724469661712646484e-02
1.490473747253417969e-03 1.911693811416625977e-02
2.818822860717773438e-03 8.755683898925781250e-03
1.368641853332519531e-03 1.588779687881469727e-02
2.713799476623535156e-03 6.615400314331054688e-03
6.798505783081054688e-04 3.444790840148925781e-03
