4.419833421707153320e-03 1.021134853363037109e-02
1.178473234176635742e-03 2.594888210296630859e-04
6.179511547088623047e-04 7.083117961883544922e-04
6.014406681060791016e-04 1.517921686172485352e-03
2.521097660064697266e-03 7.784068584442138672e-04
1.031458377838134766e-04 2.003014087677001953e-03
1.295208930969238281e-04 1.768708229064941406e-03
4.580795764923095703e-03 9.694725275039672852e-03
1.617074012756347656e-03 3.280788660049438477e-03
4.801154136657714844e-05 2.717345952987670898e-03
1.567602157592773438e-03 8.185505867004394531e-04
2.791076898574829102e-03 2.669304609298706055e-03
1.337280869483947754e-02 1.729258894920349121e-02
1.557141542434692383e-03 6.795227527618408203e-04
4.675686359405517578e-04 2.286285161972045898e-03
5.201995372772216797e-04 3.511011600494384766e-04
1.988679170608520508e-03 6.040930747985839844e-04
1.278519630432128906e-05 1.190215349197387695e-03
4.933953285217285156e-03 5.171895027160644531e-04
4.358232021331787109e-03 7.413625717163085938e-04
