1.255065917968750000e+00 2.266848087310791016e-01
1.602878570556640625e-01 3.653800964355468750e+00
6.450064182281494141e-01 4.628027915954589844e+00
4.895610809326171875e-01 4.755496978759765625e-01
9.682464599609375000e-01 1.213788986206054688e+00
6.464085578918457031e-01 7.682495117187500000e-01
1.551842689514160156e-01 1.828245401382446289e+00
1.617879867553710938e-01 2.570177555084228516e+00
2.258219718933105469e-01 1.132143974304199219e+00
1.495839118957519531e+00 1.999559402465820312e-01
4.266958236694335938e-01 1.254606723785400391e+00
2.383804321289062500e-01 4.195165634155273438e-01
4.710874557495117188e-01 8.519859313964843750e-01
9.820251464843750000e-01 7.334752082824707031e-01
9.987926483154296875e-02 2.525329589843750000e-03
7.006502151489257812e-01 8.492879867553710938e-01
4.368209838867187500e-01 7.689371109008789062e-01
2.258682250976562500e-02 2.112543582916259766e-01
7.771692276000976562e-01 5.499172210693359375e-02
2.132329940795898438e-01 1.322101593017578125e+00
