1.235580444335937500e-02 3.652572631835937500e-02
2.660369873046875000e-02 3.198242187500000000e-02
4.310607910156250000e-04 3.613662719726562500e-02
1.892471313476562500e-02 2.601623535156250000e-03
1.834106445312500000e-02 3.363037109375000000e-02
1.171493530273437500e-02 9.082794189453125000e-03
6.107330322265625000e-03 1.697158813476562500e-02
3.566741943359375000e-03 3.823089599609375000e-02
3.334426879882812500e-02 4.102706909179687500e-02
3.827285766601562500e-02 8.359909057617187500e-02
2.520370483398437500e-02 1.321411132812500000e-02
3.250122070312500000e-02 1.671218872070312500e-02
9.880065917968750000e-04 4.302597045898437500e-02
3.284835815429687500e-02 1.020050048828125000e-02
5.691528320312500000e-02 2.579116821289062500e-02
2.296447753906250000e-02 6.270217895507812500e-02
2.262115478515625000e-03 1.305389404296875000e-02
2.612304687500000000e-02 1.282119750976562500e-02
3.379058837890625000e-02 1.028671264648437500e-01
3.009033203125000000e-02 3.434371948242187500e-02
