4.784196615219116211e-03 2.239644527435302734e-04
3.474920988082885742e-03 3.485262393951416016e-03
5.061328411102294922e-04 1.244843006134033203e-04
1.994371414184570312e-03 3.132730722427368164e-03
3.846824169158935547e-03 2.649217844009399414e-03
2.649426460266113281e-04 9.293854236602783203e-04
6.964743137359619141e-03 3.834635019302368164e-03
1.120477914810180664e-03 5.809158086776733398e-03
5.404055118560791016e-04 1.727193593978881836e-03
5.335718393325805664e-03 8.546411991119384766e-03
1.004785299301147461e-03 3.205865621566772461e-03
1.373291015625000000e-04 2.870082855224609375e-03
4.149019718170166016e-03 2.969145774841308594e-03
2.857744693756103516e-03 2.624630928039550781e-03
9.855628013610839844e-05 6.160140037536621094e-04
1.968801021575927734e-03 1.453161239624023438e-03
2.239346504211425781e-04 1.265794038772583008e-03
1.664608716964721680e-03 2.084374427795410156e-04
1.747995615005493164e-03 2.705395221710205078e-03
2.340674400329589844e-03 7.415711879730224609e-03
