6.969869136810302734e-04 1.376569271087646484e-03
9.248852729797363281e-04 2.619028091430664062e-04
4.524886608123779297e-04 5.305111408233642578e-03
9.196400642395019531e-04 5.874752998352050781e-03
3.606110811233520508e-03 2.440512180328369141e-04
4.005342721939086914e-03 3.678619861602783203e-03
2.036243677139282227e-03 3.865987062454223633e-03
3.614693880081176758e-03 3.926634788513183594e-03
3.764033317565917969e-04 3.594815731048583984e-03
8.863806724548339844e-04 1.389831304550170898e-03
3.376990556716918945e-03 6.856620311737060547e-03
3.541886806488037109e-03 1.342731714248657227e-02
1.960724592208862305e-03 3.814697265625000000e-06
1.167592406272888184e-02 1.714876294136047363e-02
3.813505172729492188e-04 2.937406301498413086e-03
1.329213380813598633e-03 2.190500497817993164e-03
1.202851533889770508e-03 3.227442502975463867e-03
5.665421485900878906e-05 2.001613378524780273e-03
2.041786909103393555e-03 2.588599920272827148e-03
7.668137550354003906e-04 3.862261772155761719e-03
