1.280844211578369141e-03 9.332299232482910156e-04
1.994967460632324219e-04 3.119409084320068359e-04
5.189776420593261719e-04 3.427863121032714844e-03
5.304813385009765625e-06 7.864832878112792969e-05
2.250075340270996094e-05 1.212060451507568359e-04
5.787521600723266602e-03 1.521021127700805664e-03
4.510998725891113281e-03 1.487702131271362305e-03
2.124518156051635742e-03 2.035379409790039062e-03
4.617869853973388672e-04 4.976779222488403320e-03
4.081130027770996094e-04 3.088116645812988281e-04
1.343786716461181641e-04 2.822369337081909180e-03
1.995980739593505859e-03 1.775711774826049805e-03
1.220047473907470703e-03 5.846321582794189453e-04
4.602968692779541016e-04 1.189410686492919922e-03
2.748459577560424805e-03 2.046138048171997070e-03
7.396340370178222656e-04 2.139806747436523438e-03
1.724290847778320312e-02 2.234256267547607422e-02
3.274679183959960938e-04 1.556485891342163086e-03
4.538297653198242188e-04 2.025574445724487305e-03
1.567870378494262695e-03 1.049220561981201172e-03
