8.159637451171875000e-03 5.477905273437500000e-03
7.987976074218750000e-02 8.802413940429687500e-02
2.205657958984375000e-02 2.240753173828125000e-02
2.817153930664062500e-02 2.906799316406250000e-03
7.980728149414062500e-02 2.473831176757812500e-01
1.183319091796875000e-02 3.960418701171875000e-02
5.052947998046875000e-02 5.794143676757812500e-02
8.247375488281250000e-03 3.406906127929687500e-02
3.227233886718750000e-03 3.669738769531250000e-03
2.444839477539062500e-02 2.658843994140625000e-02
6.130981445312500000e-02 1.302413940429687500e-01
3.066253662109375000e-02 4.779434204101562500e-02
2.145767211914062500e-02 4.122161865234375000e-02
1.831436157226562500e-02 1.743316650390625000e-03
1.633834838867187500e-02 2.132034301757812500e-02
2.102279663085937500e-02 2.452850341796875000e-03
9.117126464843750000e-04 2.478408813476562500e-02
2.569198608398437500e-02 4.863739013671875000e-03
7.384109497070312500e-02 4.110717773437500000e-02
1.253128051757812500e-02 1.063919067382812500e-02
