4.535257816314697266e-03 3.100156784057617188e-03
4.426687955856323242e-03 7.435321807861328125e-03
1.113831996917724609e-03 3.232747316360473633e-03
4.524290561676025391e-04 1.678764820098876953e-03
7.593631744384765625e-04 1.631528139114379883e-03
1.683354377746582031e-03 2.642273902893066406e-04
1.566857099533081055e-03 2.298474311828613281e-03
1.409441232681274414e-03 1.745939254760742188e-03
1.127183437347412109e-03 2.463072538375854492e-03
3.594011068344116211e-03 2.462863922119140625e-04
3.212690353393554688e-05 2.029299736022949219e-03
1.886516809463500977e-03 3.193736076354980469e-03
1.494973897933959961e-03 5.635619163513183594e-04
9.474456310272216797e-04 4.887014627456665039e-03
5.493521690368652344e-03 4.780381917953491211e-03
4.841327667236328125e-03 2.819985151290893555e-03
1.119852066040039062e-03 1.641958951950073242e-03
1.953780651092529297e-03 8.547365665435791016e-03
2.738356590270996094e-03 2.244532108306884766e-03
1.445233821868896484e-03 1.993238925933837891e-03
