7.292389869689941406e-03 2.138495445251464844e-02
2.422451972961425781e-03 1.096844673156738281e-03
6.866455078125000000e-05 9.805798530578613281e-03
1.271402835845947266e-02 8.530735969543457031e-03
1.145386695861816406e-02 5.598664283752441406e-03
2.132296562194824219e-03 1.380723714828491211e-02
2.076983451843261719e-03 1.602530479431152344e-03
2.492785453796386719e-03 5.676388740539550781e-03
2.968192100524902344e-03 2.525806427001953125e-03
8.894085884094238281e-03 1.517200469970703125e-02
2.358555793762207031e-03 1.782512664794921875e-02
2.763748168945312500e-03 1.048409938812255859e-02
1.457571983337402344e-03 5.593299865722656250e-03
2.030968666076660156e-03 1.520746946334838867e-02
1.852190494537353516e-02 1.108837127685546875e-02
5.147099494934082031e-03 1.591086387634277344e-03
3.555774688720703125e-03 9.675741195678710938e-03
1.320803165435791016e-02 1.103460788726806641e-02
1.475930213928222656e-03 1.012682914733886719e-02
4.398226737976074219e-03 6.250143051147460938e-03
