2.908408641815185547e-03 8.276998996734619141e-04
6.826221942901611328e-04 1.988023519515991211e-03
8.967518806457519531e-05 3.300726413726806641e-03
2.015084028244018555e-03 2.104043960571289062e-05
1.158773899078369141e-03 1.796156167984008789e-03
4.665642976760864258e-03 8.015334606170654297e-04
3.091692924499511719e-04 2.758204936981201172e-03
2.400934696197509766e-03 3.180325031280517578e-03
1.374572515487670898e-03 1.136660575866699219e-03
1.731812953948974609e-04 1.018941402435302734e-03
1.001358032226562500e-05 1.942068338394165039e-03
1.201391220092773438e-03 2.127319574356079102e-03
1.596212387084960938e-04 2.286702394485473633e-03
1.279354095458984375e-03 3.442734479904174805e-03
3.429442644119262695e-03 3.158122301101684570e-03
6.663203239440917969e-04 1.554450392723083496e-02
2.018123865127563477e-03 2.453446388244628906e-03
1.551389694213867188e-03 2.715855836868286133e-03
1.220226287841796875e-03 9.917318820953369141e-04
2.797067165374755859e-03 2.754032611846923828e-04
