2.142953872680664062e-01 1.704870223999023438e+00
3.490467071533203125e-01 3.441663742065429688e+00
1.176426410675048828e-01 4.296514987945556641e-01
6.154279708862304688e-01 4.827098846435546875e+00
7.917690277099609375e-02 9.715938568115234375e-01
4.274005889892578125e-01 1.449866294860839844e+00
7.727441787719726562e-01 1.832284927368164062e-01
1.147054672241210938e+00 9.439725875854492188e-01
1.269330501556396484e+00 6.030559539794921875e-03
2.158316135406494141e+00 8.680988311767578125e+00
6.874008178710937500e-01 2.232370376586914062e-01
4.608440399169921875e-02 2.984108924865722656e+00
2.972183227539062500e-01 9.365954399108886719e-01
7.088375091552734375e-01 7.121276855468750000e-01
4.957227706909179688e-01 7.198991775512695312e-01
3.697720766067504883e-01 4.153033733367919922e+00
2.739744186401367188e-01 2.138559341430664062e+00
6.862831115722656250e-02 1.025443077087402344e+00
2.148342132568359375e-01 3.912386894226074219e+00
4.146070480346679688e-01 1.383485794067382812e-01
