3.509402275085449219e-03 8.579850196838378906e-03
3.542065620422363281e-03 4.851460456848144531e-03
4.263758659362792969e-03 9.833097457885742188e-03
3.923535346984863281e-03 6.764173507690429688e-03
2.002716064453125000e-04 6.828069686889648438e-03
7.101297378540039062e-04 1.964080333709716797e-02
1.379251480102539062e-04 3.512620925903320312e-03
4.348635673522949219e-03 1.136660575866699219e-03
5.738735198974609375e-03 1.773357391357421875e-02
3.001809120178222656e-03 8.680224418640136719e-03
1.147985458374023438e-03 1.001673936843872070e-02
1.238584518432617188e-04 2.216339111328125000e-03
5.066394805908203125e-04 9.789824485778808594e-03
2.719283103942871094e-03 1.340132951736450195e-02
2.362370491027832031e-03 1.374953985214233398e-02
5.460619926452636719e-03 8.962512016296386719e-03
4.870653152465820312e-03 1.511311531066894531e-02
6.072163581848144531e-03 3.346323966979980469e-03
1.279211044311523438e-02 8.750319480895996094e-03
3.439188003540039062e-04 6.796002388000488281e-03
