6.546974182128906250e-04 1.736730337142944336e-03
7.665395736694335938e-03 3.982782363891601562e-04
4.463106393814086914e-03 6.231755018234252930e-03
1.763761043548583984e-03 1.130372285842895508e-03
1.285016536712646484e-03 5.237340927124023438e-03
1.990407705307006836e-03 5.884170532226562500e-03
4.543960094451904297e-04 2.774298191070556641e-04
1.179218292236328125e-03 3.029733896255493164e-03
3.873199224472045898e-03 5.854815244674682617e-03
3.800392150878906250e-04 6.695985794067382812e-04
1.717925071716308594e-03 6.018102169036865234e-03
7.652342319488525391e-04 1.854062080383300781e-03
3.222227096557617188e-04 7.198512554168701172e-03
2.425968647003173828e-03 5.424618721008300781e-04
5.431741476058959961e-03 7.679432630538940430e-03
6.975829601287841797e-04 6.034612655639648438e-03
2.752542495727539062e-04 7.247924804687500000e-05
3.749877214431762695e-03 2.743840217590332031e-03
1.881122589111328125e-04 4.584491252899169922e-04
3.068596124649047852e-03 2.051934599876403809e-02
