3.584027290344238281e-04 4.068315029144287109e-04
5.054026842117309570e-03 3.380686044692993164e-03
5.109608173370361328e-04 1.071333885192871094e-02
2.878934144973754883e-03 1.603573560714721680e-03
7.668137550354003906e-05 5.224049091339111328e-04
4.667937755584716797e-04 1.822710037231445312e-03
4.404485225677490234e-04 3.854870796203613281e-03
1.294076442718505859e-03 3.386825323104858398e-03
8.446276187896728516e-04 6.653964519500732422e-04
1.885563135147094727e-03 3.684163093566894531e-04
3.857076168060302734e-03 4.677176475524902344e-04
7.392764091491699219e-04 1.111865043640136719e-03
6.620287895202636719e-04 1.999437808990478516e-04
1.380026340484619141e-03 2.909481525421142578e-03
5.248188972473144531e-04 1.265913248062133789e-03
1.481980085372924805e-03 1.202762126922607422e-03
5.049407482147216797e-04 4.332244396209716797e-03
7.027685642242431641e-04 2.904534339904785156e-03
5.969703197479248047e-04 4.883110523223876953e-04
2.928942441940307617e-03 9.181201457977294922e-03
