3.470993041992187500e-02 5.278778076171875000e-02
5.125045776367187500e-02 7.670211791992187500e-02
1.065063476562500000e-02 4.787445068359375000e-02
4.413604736328125000e-03 6.557464599609375000e-03
2.942276000976562500e-02 1.853942871093750000e-03
1.121520996093750000e-03 1.748275756835937500e-02
4.532623291015625000e-02 4.188919067382812500e-02
2.113723754882812500e-02 4.122161865234375000e-02
1.720428466796875000e-03 3.549957275390625000e-02
4.498672485351562500e-02 5.254364013671875000e-02
2.806854248046875000e-02 5.901336669921875000e-03
2.215194702148437500e-02 3.932952880859375000e-03
4.192352294921875000e-03 4.205703735351562500e-02
6.637573242187500000e-04 6.681442260742187500e-02
3.436660766601562500e-02 1.138305664062500000e-02
3.166198730468750000e-02 2.116775512695312500e-02
5.202484130859375000e-02 5.133819580078125000e-02
4.853820800781250000e-02 2.027130126953125000e-02
1.297760009765625000e-02 2.189636230468750000e-02
1.850128173828125000e-03 1.673889160156250000e-02
