7.936656475067138672e-04 6.475448608398437500e-04
9.757578372955322266e-04 1.047760248184204102e-03
1.171708106994628906e-03 3.612339496612548828e-04
1.908093690872192383e-03 1.484721899032592773e-03
8.825063705444335938e-04 2.471208572387695312e-03
2.653956413269042969e-03 2.415031194686889648e-03
2.363175153732299805e-03 8.155792951583862305e-03
5.981713533401489258e-03 5.081772804260253906e-03
4.606842994689941406e-03 4.311054944992065430e-03
5.054771900177001953e-03 1.130774617195129395e-02
1.035362482070922852e-03 5.707740783691406250e-04
5.522787570953369141e-03 2.144187688827514648e-03
1.546561717987060547e-03 9.542554616928100586e-03
2.126991748809814453e-04 2.331405878067016602e-03
3.171592950820922852e-03 3.905892372131347656e-03
9.063184261322021484e-04 4.709064960479736328e-04
1.616686582565307617e-03 2.636790275573730469e-03
3.797769546508789062e-03 3.541141748428344727e-03
9.208917617797851562e-06 4.221498966217041016e-04
4.961878061294555664e-03 2.825915813446044922e-03
