6.194114685058593750e-04 1.897186040878295898e-02
1.259922981262207031e-03 1.298195123672485352e-02
3.502607345581054688e-03 4.788041114807128906e-03
9.696245193481445312e-03 5.650758743286132812e-03
1.828074455261230469e-03 7.326364517211914062e-03
5.866646766662597656e-03 1.070618629455566406e-02
2.302765846252441406e-03 1.355576515197753906e-02
1.190304756164550781e-03 1.029980182647705078e-02
9.064674377441406250e-04 9.544610977172851562e-03
1.005649566650390625e-03 3.683388233184814453e-03
4.350662231445312500e-03 6.603837013244628906e-03
1.513242721557617188e-03 1.190412044525146484e-02
1.381158828735351562e-03 1.180005073547363281e-02
1.780867576599121094e-03 2.504467964172363281e-03
4.426598548889160156e-03 1.584696769714355469e-02
6.035208702087402344e-03 8.951663970947265625e-03
1.323461532592773438e-03 4.431605339050292969e-03
1.086425781250000000e-02 2.081251144409179688e-02
4.759907722473144531e-03 8.219361305236816406e-03
2.423167228698730469e-03 6.166577339172363281e-03
