3.940963745117187500e-02 1.640011787414550781e+00
5.897626876831054688e-01 1.509013652801513672e+00
2.371883392333984375e-02 9.536790847778320312e-01
3.973836898803710938e-01 1.341514587402343750e+00
2.467546463012695312e-01 2.855190277099609375e+00
8.538188934326171875e-01 2.067537307739257812e-01
4.314727783203125000e-01 2.121925354003906250e-02
2.790722846984863281e-01 6.535353660583496094e-01
1.531324386596679688e-01 8.986015319824218750e-01
2.579526901245117188e-01 3.696918487548828125e-01
1.015691757202148438e-01 2.777165412902832031e+00
3.803567886352539062e-01 2.361879348754882812e-01
2.631340026855468750e-01 1.231204032897949219e+00
3.408079147338867188e-01 5.436096191406250000e-01
4.289360046386718750e-01 8.578853607177734375e-01
1.833915710449218750e-02 2.694741249084472656e+00
3.533468246459960938e-01 3.795680999755859375e-01
7.806892395019531250e-01 2.475296020507812500e+00
5.612373352050781250e-01 3.798274993896484375e-01
2.733755111694335938e-01 5.662899017333984375e-01
