3.958358764648437500e-01 1.035097122192382812e+00
6.276087760925292969e-01 4.604969024658203125e-01
2.015820026397705078e+00 8.839063644409179688e-01
1.746823787689208984e-01 2.012825727462768555e+00
1.710293769836425781e+00 8.946681022644042969e-01
8.529882431030273438e-01 2.535737037658691406e+00
3.310098648071289062e-01 2.622522354125976562e+00
9.702167510986328125e-01 1.638426780700683594e+00
1.023206710815429688e+00 5.675687789916992188e-01
1.659898757934570312e-01 1.298284530639648438e+00
5.781459808349609375e-02 3.017044067382812500e-02
1.244520664215087891e+00 4.166409492492675781e+00
2.026224136352539062e-01 2.812590599060058594e+00
6.433644294738769531e-01 9.443402290344238281e-01
3.335123062133789062e-01 1.621665954589843750e-01
2.522373199462890625e-02 8.409824371337890625e-01
1.097097396850585938e-01 4.324531555175781250e-01
6.503934860229492188e-01 9.141063690185546875e-01
2.950768470764160156e-01 1.212833404541015625e+00
3.850622177124023438e-01 4.499545097351074219e-01
