4.371261596679687500e-02 7.020950317382812500e-02
2.002716064453125000e-02 5.455017089843750000e-04
6.629943847656250000e-03 2.505493164062500000e-02
3.944778442382812500e-02 3.987884521484375000e-02
8.083343505859375000e-03 2.075958251953125000e-02
2.387619018554687500e-02 5.348205566406250000e-03
2.710723876953125000e-02 1.829299926757812500e-01
7.470321655273437500e-02 5.884933471679687500e-02
2.581024169921875000e-02 1.919174194335937500e-02
1.555252075195312500e-02 2.873229980468750000e-02
1.024246215820312500e-02 5.222320556640625000e-03
2.728652954101562500e-02 4.236221313476562500e-02
1.901626586914062500e-02 9.769439697265625000e-03
4.224395751953125000e-02 2.920532226562500000e-02
3.615951538085937500e-02 4.905319213867187500e-02
1.760482788085937500e-02 1.166534423828125000e-02
3.812026977539062500e-02 6.196975708007812500e-02
1.026153564453125000e-03 3.761291503906250000e-03
8.738327026367187500e-02 1.106452941894531250e-01
1.303482055664062500e-02 2.930831909179687500e-02
