3.262132406234741211e-03 2.889484167098999023e-03
4.057675600051879883e-03 2.046942710876464844e-03
2.628058195114135742e-03 4.238784313201904297e-03
5.621969699859619141e-03 4.914402961730957031e-05
6.808042526245117188e-04 6.029009819030761719e-03
6.090700626373291016e-04 1.197040081024169922e-03
1.119732856750488281e-03 1.087456941604614258e-03
2.043306827545166016e-03 2.242803573608398438e-03
7.301568984985351562e-06 2.620816230773925781e-03
1.937538385391235352e-03 3.403425216674804688e-05
3.520190715789794922e-03 3.021031618118286133e-03
3.578424453735351562e-03 9.267926216125488281e-04
2.462953329086303711e-03 1.785725355148315430e-03
7.380247116088867188e-04 2.699136734008789062e-03
4.150569438934326172e-04 8.252263069152832031e-04
2.423614263534545898e-03 2.793967723846435547e-03
2.966880798339843750e-03 3.715008497238159180e-03
2.597540616989135742e-03 2.679347991943359375e-03
1.459151506423950195e-03 8.285045623779296875e-05
2.393603324890136719e-03 3.533810377120971680e-03
2.911090850830078125e-04 7.954239845275878906e-04
9.980887174606323242e-03 7.201403379440307617e-03
3.795385360717773438e-03 1.198917627334594727e-03
5.410611629486083984e-04 5.374163389205932617e-03
1.635849475860595703e-03 2.412468194961547852e-03
2.655923366546630859e-03 3.481745719909667969e-03
8.522272109985351562e-04 1.632273197174072266e-03
1.752734184265136719e-03 3.138244152069091797e-03
1.954495906829833984e-03 9.241402149200439453e-04
4.610419273376464844e-04 5.347967147827148438e-03
1.963257789611816406e-03 3.136873245239257812e-03
7.587373256683349609e-04 6.302028894424438477e-03
1.281410455703735352e-03 3.580331802368164062e-03
7.328391075134277344e-04 1.502931118011474609e-03
2.346694469451904297e-03 9.201765060424804688e-04
5.923748016357421875e-03 8.574038743972778320e-03
3.003418445587158203e-03 9.177029132843017578e-04
3.283321857452392578e-03 7.345408201217651367e-03
3.117322921752929688e-04 8.968174457550048828e-03
2.899199724197387695e-03 1.326438784599304199e-02
2.222537994384765625e-03 4.991888999938964844e-03
1.303583383560180664e-03 7.214248180389404297e-04
1.716759800910949707e-02 7.369875907897949219e-03
