1.453906297683715820e-03 4.446178674697875977e-03
1.111507415771484375e-03 4.497170448303222656e-04
2.818703651428222656e-04 2.585053443908691406e-03
2.405315637588500977e-03 1.042634248733520508e-03
7.117688655853271484e-04 2.987653017044067383e-03
7.469356060028076172e-04 9.490489959716796875e-03
2.128720283508300781e-03 4.004299640655517578e-03
1.419156789779663086e-03 1.064091920852661133e-03
2.034932374954223633e-03 2.421617507934570312e-03
4.065930843353271484e-04 1.310378313064575195e-03
8.229911327362060547e-04 5.309879779815673828e-04
1.428216695785522461e-03 3.650873899459838867e-03
3.220230340957641602e-03 3.066807985305786133e-03
1.612007617950439453e-04 6.381779909133911133e-03
5.119562149047851562e-03 5.395293235778808594e-03
2.723246812820434570e-03 1.588463783264160156e-05
3.804564476013183594e-04 1.987129449844360352e-03
1.373887062072753906e-03 4.568755626678466797e-03
1.302775740623474121e-02 2.280446887016296387e-02
9.588003158569335938e-04 1.987904310226440430e-03
3.470331430435180664e-03 7.670223712921142578e-04
1.843929290771484375e-03 2.724826335906982422e-03
7.940530776977539062e-04 2.617150545120239258e-03
1.232764124870300293e-02 1.032420992851257324e-02
7.597208023071289062e-04 4.393965005874633789e-03
1.505255699157714844e-03 1.083225011825561523e-03
3.227084875106811523e-03 1.143366098403930664e-03
1.229405403137207031e-03 5.082339048385620117e-03
6.375283002853393555e-03 3.116726875305175781e-03
1.103878021240234375e-04 2.992719411849975586e-03
1.923483610153198242e-02 1.530084013938903809e-02
1.656770706176757812e-02 1.693919301033020020e-02
1.343786716461181641e-03 2.395242452621459961e-03
1.338332891464233398e-03 6.459951400756835938e-04
1.745104789733886719e-03 6.479144096374511719e-03
2.230972051620483398e-03 1.066833734512329102e-03
5.229711532592773438e-04 3.846049308776855469e-03
1.124501228332519531e-03 2.823382616043090820e-03
1.596131920814514160e-02 1.531586050987243652e-02
5.517303943634033203e-03 1.691582798957824707e-02
7.766187191009521484e-04 1.151978969573974609e-03
2.213567495346069336e-03 2.387464046478271484e-04
1.269876956939697266e-03 1.970767974853515625e-03
