1.614779233932495117e-03 1.497268676757812500e-04
1.349240541458129883e-03 1.453727483749389648e-03
7.874310016632080078e-03 9.839951992034912109e-03
2.470016479492187500e-03 1.666456460952758789e-03
8.141100406646728516e-04 1.449555158615112305e-03
5.385279655456542969e-04 4.022240638732910156e-03
1.934200525283813477e-03 3.582835197448730469e-04
3.854751586914062500e-03 6.139963865280151367e-03
4.510402679443359375e-03 1.816901564598083496e-02
1.106983423233032227e-02 1.766714453697204590e-02
3.530383110046386719e-04 2.325177192687988281e-04
1.930594444274902344e-04 3.624618053436279297e-03
2.158701419830322266e-03 5.582571029663085938e-04
2.625375986099243164e-03 6.658285856246948242e-03
1.422369480133056641e-02 5.977243185043334961e-03
1.050025224685668945e-03 1.843124628067016602e-03
2.888798713684082031e-03 5.824804306030273438e-03
4.442125558853149414e-03 4.306823015213012695e-03
2.875059843063354492e-03 6.996989250183105469e-04
3.975033760070800781e-04 2.670288085937500000e-04
1.832544803619384766e-04 2.859205007553100586e-03
1.768946647644042969e-03 1.941800117492675781e-03
6.261527538299560547e-03 6.079673767089843750e-06
1.509249210357666016e-03 6.954550743103027344e-03
1.736074686050415039e-03 1.779258251190185547e-03
2.669900655746459961e-03 1.306056976318359375e-03
7.827132940292358398e-03 1.623481512069702148e-03
2.468764781951904297e-03 3.266274929046630859e-03
3.070175647735595703e-03 2.936422824859619141e-03
2.226233482360839844e-05 1.672834157943725586e-03
2.496659755706787109e-03 3.925472497940063477e-03
2.720952033996582031e-04 2.489984035491943359e-04
1.539885997772216797e-04 3.457427024841308594e-03
3.241300582885742188e-04 4.411011934280395508e-03
2.139955759048461914e-03 1.277893781661987305e-03
1.147121191024780273e-03 1.442044973373413086e-03
3.240674734115600586e-03 6.957471370697021484e-03
3.304272890090942383e-03 7.593125104904174805e-03
3.528267145156860352e-03 2.650171518325805664e-03
9.216964244842529297e-04 1.860886812210083008e-03
4.688411951065063477e-03 6.560206413269042969e-03
3.384292125701904297e-03 1.614749431610107422e-03
4.110336303710937500e-04 3.996819257736206055e-03
