9.756386280059814453e-04 3.489196300506591797e-03
2.931475639343261719e-03 1.115500926971435547e-03
8.393824100494384766e-04 3.233224153518676758e-03
6.247162818908691406e-04 1.238167285919189453e-03
2.693772315979003906e-03 9.384751319885253906e-05
2.590894699096679688e-03 5.134433507919311523e-03
8.788108825683593750e-04 2.441763877868652344e-03
7.350146770477294922e-04 5.103826522827148438e-03
1.582324504852294922e-03 6.278544664382934570e-03
7.228851318359375000e-04 8.359551429748535156e-05
2.044677734375000000e-03 9.801030158996582031e-03
3.534853458404541016e-04 3.779500722885131836e-03
1.504927873611450195e-03 9.349882602691650391e-04
7.475614547729492188e-04 4.759728908538818359e-03
1.280009746551513672e-04 2.867519855499267578e-03
5.034685134887695312e-03 1.148387789726257324e-02
1.545965671539306641e-03 1.566112041473388672e-03
4.994869232177734375e-04 3.402739763259887695e-03
2.591907978057861328e-03 3.240555524826049805e-03
1.441866159439086914e-03 6.318449974060058594e-03
1.660019159317016602e-03 1.383066177368164062e-03
4.303604364395141602e-03 2.950310707092285156e-03
1.838594675064086914e-03 3.352195024490356445e-03
9.323060512542724609e-04 3.424584865570068359e-04
1.411056518554687500e-02 1.615315675735473633e-02
1.064211130142211914e-03 2.123415470123291016e-04
2.367049455642700195e-03 7.583409547805786133e-03
2.617835998535156250e-04 4.529803991317749023e-03
1.154720783233642578e-03 1.203975081443786621e-02
5.262732505798339844e-03 1.057773828506469727e-03
3.141462802886962891e-04 3.660619258880615234e-03
4.188627004623413086e-03 6.540209054946899414e-03
6.132572889328002930e-03 3.161549568176269531e-03
8.519053459167480469e-03 1.264086365699768066e-02
1.574456691741943359e-03 1.426935195922851562e-03
1.818835735321044922e-04 4.220992326736450195e-03
1.316338777542114258e-03 1.034620404243469238e-02
2.064585685729980469e-03 5.255043506622314453e-03
2.571046352386474609e-03 1.132607460021972656e-03
2.553969621658325195e-03 2.536520361900329590e-02
2.277225255966186523e-03 2.331435680389404297e-04
3.468573093414306641e-03 1.681089401245117188e-03
9.140968322753906250e-04 3.640234470367431641e-03
