3.361821174621582031e-03 2.351701259613037109e-04
2.669066190719604492e-03 1.825392246246337891e-04
2.041429281234741211e-03 2.671748399734497070e-03
1.769512891769409180e-03 6.595045328140258789e-03
9.668469429016113281e-04 1.927524805068969727e-03
8.194744586944580078e-03 2.242058515548706055e-03
3.071725368499755859e-04 1.928538084030151367e-03
2.233684062957763672e-03 1.030465960502624512e-02
1.178532838821411133e-03 1.186016201972961426e-02
1.630485057830810547e-03 3.011524677276611328e-03
1.622110605239868164e-03 5.533993244171142578e-04
5.854368209838867188e-04 1.479446887969970703e-03
2.166748046875000000e-03 1.200735569000244141e-04
2.033442258834838867e-03 1.294881105422973633e-03
3.391087055206298828e-03 4.922389984130859375e-03
1.220494508743286133e-03 7.084190845489501953e-03
3.449618816375732422e-04 4.085332155227661133e-03
9.137094020843505859e-04 7.775425910949707031e-05
2.153515815734863281e-04 7.307618856430053711e-03
2.723038196563720703e-04 4.017353057861328125e-03
1.992702484130859375e-03 1.863270998001098633e-03
6.330013275146484375e-04 8.304089307785034180e-03
2.047419548034667969e-03 2.601027488708496094e-03
7.821619510650634766e-03 1.683607697486877441e-02
4.069566726684570312e-03 7.234960794448852539e-03
1.334547996520996094e-04 2.344191074371337891e-03
5.999803543090820312e-04 9.072065353393554688e-03
4.641294479370117188e-03 1.174479722976684570e-03
4.285812377929687500e-03 6.201267242431640625e-04
1.190155744552612305e-03 4.288256168365478516e-03
2.143293619155883789e-03 6.141513586044311523e-03
1.519829034805297852e-03 6.110191345214843750e-03
4.453659057617187500e-04 4.599720239639282227e-03
3.789275884628295898e-03 4.689157009124755859e-03
7.269829511642456055e-03 4.561662673950195312e-03
1.548528671264648438e-04 4.809200763702392578e-03
6.135702133178710938e-04 2.556502819061279297e-03
1.113796234130859375e-02 1.337096095085144043e-02
8.691251277923583984e-04 1.733213663101196289e-03
7.397234439849853516e-04 3.676980733871459961e-03
2.333521842956542969e-04 8.474767208099365234e-03
1.731514930725097656e-05 2.889513969421386719e-03
3.815978765487670898e-03 1.553803682327270508e-03
