3.920793533325195312e-04 1.965939998626708984e-03
3.569632768630981445e-03 3.804355859756469727e-03
1.328319311141967773e-03 4.543662071228027344e-04
2.286046743392944336e-03 2.458006143569946289e-03
4.499852657318115234e-04 3.098428249359130859e-03
1.335620880126953125e-03 1.726001501083374023e-03
1.597166061401367188e-03 6.018549203872680664e-03
4.497826099395751953e-03 1.391887664794921875e-03
1.536786556243896484e-03 1.854717731475830078e-03
4.161208868026733398e-03 5.735069513320922852e-03
5.682140588760375977e-03 1.018619537353515625e-02
7.979571819305419922e-04 2.803176641464233398e-03
6.005167961120605469e-05 2.573013305664062500e-03
3.574788570404052734e-03 8.049428462982177734e-03
5.789101123809814453e-04 1.061499118804931641e-03
7.751196622848510742e-03 4.392355680465698242e-03
9.213089942932128906e-04 1.143097877502441406e-03
1.032531261444091797e-03 9.761780500411987305e-03
1.809984445571899414e-03 9.675025939941406250e-04
3.275573253631591797e-04 8.748471736907958984e-04
7.508695125579833984e-04 2.738744020462036133e-03
4.082649946212768555e-03 3.312528133392333984e-04
1.773536205291748047e-03 4.873573780059814453e-03
1.025527715682983398e-03 1.747786998748779297e-03
1.717209815979003906e-04 2.134054899215698242e-03
5.552172660827636719e-05 1.468598842620849609e-03
3.148317337036132812e-03 3.860890865325927734e-04
1.873403787612915039e-03 1.744657754898071289e-03
2.450704574584960938e-03 3.744482994079589844e-03
5.203545093536376953e-03 2.211868762969970703e-03
1.158118247985839844e-03 1.057952642440795898e-03
2.121418714523315430e-03 4.197478294372558594e-03
8.458197116851806641e-04 1.339763402938842773e-03
4.209965467453002930e-03 4.500269889831542969e-03
1.335829496383666992e-03 1.178890466690063477e-03
7.112920284271240234e-04 3.120929002761840820e-03
7.170438766479492188e-04 1.764386892318725586e-03
1.679360866546630859e-04 6.312131881713867188e-05
9.585022926330566406e-04 3.424614667892456055e-03
4.458725452423095703e-04 1.315087080001831055e-03
1.409947872161865234e-03 4.756748676300048828e-03
2.481013536453247070e-03 2.560883760452270508e-03
2.292394638061523438e-04 4.827618598937988281e-03
