9.243011474609375000e-03 1.106643676757812500e-02
2.313995361328125000e-02 1.908493041992187500e-02
5.210494995117187500e-02 6.893157958984375000e-03
4.002761840820312500e-02 2.857589721679687500e-02
9.513854980468750000e-03 6.956100463867187500e-02
2.653121948242187500e-02 2.706146240234375000e-02
9.754180908203125000e-03 1.641082763671875000e-02
4.669189453125000000e-03 6.084442138671875000e-03
1.734542846679687500e-02 5.352020263671875000e-03
3.310775756835937500e-02 1.767349243164062500e-02
4.022598266601562500e-02 1.288986206054687500e-02
9.147644042968750000e-03 3.267288208007812500e-02
1.037368774414062500e-01 7.826614379882812500e-02
3.955078125000000000e-02 4.798889160156250000e-02
3.629302978515625000e-02 6.408691406250000000e-03
2.970886230468750000e-02 5.965423583984375000e-02
2.906799316406250000e-03 3.511428833007812500e-02
2.802658081054687500e-02 4.403305053710937500e-02
1.988220214843750000e-02 3.452301025390625000e-03
4.360198974609375000e-03 1.221084594726562500e-02
3.201293945312500000e-02 3.546142578125000000e-02
2.696228027343750000e-02 2.257881164550781250e-01
4.391479492187500000e-02 4.082870483398437500e-02
9.830474853515625000e-03 5.922698974609375000e-02
3.148269653320312500e-02 2.218627929687500000e-02
1.083374023437500000e-02 1.623535156250000000e-02
2.166748046875000000e-02 3.517150878906250000e-03
1.516723632812500000e-02 3.649139404296875000e-02
1.298522949218750000e-02 6.664276123046875000e-03
4.192352294921875000e-03 4.137039184570312500e-02
3.573226928710937500e-02 2.660751342773437500e-02
1.177597045898437500e-02 3.133010864257812500e-02
7.743835449218750000e-03 2.848815917968750000e-02
1.965332031250000000e-02 2.270622253417968750e-01
4.518127441406250000e-02 1.838302612304687500e-02
5.244445800781250000e-02 1.918411254882812500e-02
1.930999755859375000e-02 3.323745727539062500e-02
5.043029785156250000e-03 1.665496826171875000e-02
2.126693725585937500e-02 4.112243652343750000e-03
5.802154541015625000e-03 2.056503295898437500e-02
2.853012084960937500e-02 6.484985351562500000e-05
2.147674560546875000e-03 5.008697509765625000e-03
3.987884521484375000e-02 6.652832031250000000e-03
