1.552581787109375000e-03 4.605889320373535156e-03
1.882761716842651367e-03 1.176923513412475586e-03
3.755092620849609375e-06 6.263256072998046875e-04
2.592682838439941406e-03 5.922019481658935547e-03
2.251833677291870117e-03 9.963810443878173828e-04
5.229711532592773438e-03 4.292756319046020508e-03
1.794278621673583984e-03 1.525580883026123047e-04
4.383474588394165039e-03 5.414605140686035156e-03
1.980096101760864258e-03 4.276812076568603516e-03
1.990169286727905273e-03 5.387067794799804688e-03
2.065002918243408203e-04 4.525482654571533203e-04
9.238719940185546875e-04 3.237754106521606445e-03
4.837810993194580078e-04 1.713395118713378906e-03
6.830692291259765625e-04 1.236915588378906250e-03
7.421970367431640625e-04 2.640694379806518555e-03
3.280907869338989258e-03 1.620209217071533203e-02
1.649558544158935547e-04 1.287430524826049805e-03
1.267194747924804688e-04 3.760278224945068359e-03
1.588284969329833984e-03 2.420455217361450195e-03
1.463294029235839844e-05 2.736300230026245117e-03
8.254945278167724609e-04 4.991292953491210938e-04
2.786695957183837891e-03 2.241611480712890625e-03
1.464265584945678711e-02 1.489666104316711426e-02
4.554986953735351562e-04 6.985634565353393555e-03
4.729211330413818359e-03 5.534827709197998047e-03
2.496570348739624023e-03 3.156363964080810547e-04
1.752567291259765625e-02 1.546898484230041504e-02
1.943111419677734375e-03 2.616554498672485352e-03
1.441091299057006836e-03 1.045107841491699219e-03
3.266364336013793945e-03 6.522029638290405273e-03
2.263009548187255859e-03 4.929095506668090820e-03
1.578232645988464355e-02 1.352313160896301270e-02
1.641035079956054688e-03 2.930074930191040039e-03
2.030938863754272461e-03 3.559499979019165039e-03
1.939791440963745117e-02 1.465567946434020996e-02
9.811490774154663086e-03 9.778976440429687500e-03
3.940790891647338867e-03 5.391240119934082031e-04
2.092868089675903320e-03 1.410901546478271484e-03
8.377134799957275391e-04 6.212294101715087891e-04
2.372831106185913086e-03 3.169566392898559570e-03
2.467542886734008789e-03 2.557247877120971680e-03
3.180980682373046875e-03 9.748041629791259766e-04
2.307295799255371094e-04 1.030880212783813477e-02
