2.177488803863525391e-02 6.904602050781250000e-03
2.826893329620361328e-02 3.041982650756835938e-03
1.267528533935546875e-02 4.292607307434082031e-03
1.698327064514160156e-02 2.769827842712402344e-03
1.144516468048095703e-02 5.543351173400878906e-03
1.267528533935546875e-02 4.208803176879882812e-03
3.066647052764892578e-02 3.389835357666015625e-03
1.978635787963867188e-02 5.590200424194335938e-03
1.267969608306884766e-02 3.293633460998535156e-03
1.394259929656982422e-02 1.128280162811279297e-02
7.332742214202880859e-02 2.211534976959228516e-02
1.894390583038330078e-02 1.867288351058959961e-02
4.317092895507812500e-02 4.781961441040039062e-03
1.715254783630371094e-02 4.861593246459960938e-03
7.069587707519531250e-03 7.505536079406738281e-03
2.199959754943847656e-02 4.302263259887695312e-04
7.234811782836914062e-03 7.835865020751953125e-03
1.908969879150390625e-02 8.385121822357177734e-03
1.892673969268798828e-02 7.641315460205078125e-03
2.087461948394775391e-02 1.763141155242919922e-02
1.888835430145263672e-02 2.731800079345703125e-03
8.604288101196289062e-03 1.205050945281982422e-02
3.480672836303710938e-02 3.137707710266113281e-03
5.300283432006835938e-03 4.177331924438476562e-03
3.300082683563232422e-02 1.259565353393554688e-03
4.135942459106445312e-02 5.775094032287597656e-03
1.530039310455322266e-02 1.577138900756835938e-04
1.668000221252441406e-02 3.455877304077148438e-04
3.054475784301757812e-02 3.636837005615234375e-03
2.037036418914794922e-02 2.819061279296875000e-03
1.634657382965087891e-02 6.445825099945068359e-03
6.621587276458740234e-02 1.786792278289794922e-02
1.711165904998779297e-02 1.692610979080200195e-02
3.480672836303710938e-02 3.388881683349609375e-03
8.021354675292968750e-03 3.932952880859375000e-03
4.314696788787841797e-02 1.796591281890869141e-02
2.013587951660156250e-02 2.957105636596679688e-03
3.997611999511718750e-02 2.119719982147216797e-02
1.521670818328857422e-02 6.937623023986816406e-03
1.731657981872558594e-02 1.722770929336547852e-02
7.358276844024658203e-02 1.237404346466064453e-02
7.229924201965332031e-03 7.583379745483398438e-03
6.130695343017578125e-03 8.656859397888183594e-03
