3.187954425811767578e-02 2.756303548812866211e-02
5.325078964233398438e-04 4.770785570144653320e-03
1.443356275558471680e-03 3.343582153320312500e-03
4.119753837585449219e-03 5.274862051010131836e-03
2.738237380981445312e-03 1.815795898437500000e-03
3.654956817626953125e-04 9.436905384063720703e-03
2.925932407379150391e-03 1.235187053680419922e-03
1.815289258956909180e-03 9.659022092819213867e-03
5.571991205215454102e-03 1.307445764541625977e-02
2.275735139846801758e-03 2.591341733932495117e-03
1.144728064537048340e-02 1.239490509033203125e-02
2.411007881164550781e-04 9.736418724060058594e-03
1.490861177444458008e-03 4.456728696823120117e-03
3.302335739135742188e-03 2.068579196929931641e-03
8.359551429748535156e-04 4.695653915405273438e-04
1.754373311996459961e-03 5.223900079727172852e-03
9.348690509796142578e-04 2.396374940872192383e-03
9.202361106872558594e-04 2.277225255966186523e-03
2.463608980178833008e-03 9.343028068542480469e-04
2.027884125709533691e-02 1.732513308525085449e-02
1.885294914245605469e-03 2.472728490829467773e-03
3.892928361892700195e-03 4.770696163177490234e-03
3.438293933868408203e-04 3.596842288970947266e-04
2.568364143371582031e-04 3.325939178466796875e-03
3.874003887176513672e-04 2.643465995788574219e-03
1.200348138809204102e-03 4.503130912780761719e-03
2.310454845428466797e-03 2.376079559326171875e-03
2.708286046981811523e-03 5.926191806793212891e-04
7.140040397644042969e-04 5.495846271514892578e-03
7.926523685455322266e-04 3.834515810012817383e-03
1.293689012527465820e-03 1.714050769805908203e-03
2.115666866302490234e-04 1.651614904403686523e-03
1.105844974517822266e-03 1.615822315216064453e-03
1.054733991622924805e-03 3.791987895965576172e-03
4.328340291976928711e-03 6.726384162902832031e-04
1.741117238998413086e-02 2.591532468795776367e-02
5.274653434753417969e-03 8.660852909088134766e-04
6.093680858612060547e-04 4.988372325897216797e-03
1.225799322128295898e-03 3.694057464599609375e-03
4.309415817260742188e-03 1.012116670608520508e-03
1.280665397644042969e-03 6.236761808395385742e-03
8.808970451354980469e-04 5.266040563583374023e-03
1.586377620697021484e-04 9.738415479660034180e-03
