6.082892417907714844e-03 2.585381269454956055e-03
2.530544996261596680e-03 2.309113740921020508e-03
2.048432826995849609e-03 4.465967416763305664e-03
2.700030803680419922e-03 6.584137678146362305e-03
3.266334533691406250e-04 2.393603324890136719e-03
2.376139163970947266e-03 4.037976264953613281e-03
3.373801708221435547e-03 3.474026918411254883e-03
2.255961298942565918e-02 1.811614632606506348e-02
5.980134010314941406e-04 4.670470952987670898e-03
2.148598432540893555e-03 5.636036396026611328e-03
1.230597496032714844e-03 8.801817893981933594e-04
1.734048128128051758e-03 2.270370721817016602e-03
1.805424690246582031e-03 2.993017435073852539e-03
7.737278938293457031e-04 3.067672252655029297e-03
7.888078689575195312e-04 6.795972585678100586e-03
1.280158758163452148e-03 1.690566539764404297e-03
2.067238092422485352e-03 1.496404409408569336e-03
2.853333950042724609e-03 4.101842641830444336e-03
1.863360404968261719e-03 8.573621511459350586e-03
1.089155673980712891e-03 5.045145750045776367e-03
5.773603916168212891e-04 2.931118011474609375e-03
1.366078853607177734e-03 5.767673254013061523e-03
9.025961160659790039e-03 7.512211799621582031e-03
1.691040396690368652e-02 9.603321552276611328e-03
3.723472356796264648e-03 2.019554376602172852e-03
7.896602153778076172e-03 1.264929771423339844e-03
6.190121173858642578e-03 1.287251710891723633e-03
1.176536083221435547e-03 2.445578575134277344e-04
1.781284809112548828e-04 7.295906543731689453e-04
5.834698677062988281e-04 8.411407470703125000e-04
2.150535583496093750e-04 9.189248085021972656e-04
2.565681934356689453e-04 2.371311187744140625e-03
7.161110639572143555e-03 8.979111909866333008e-03
9.599328041076660156e-04 8.030831813812255859e-04
2.771615982055664062e-06 3.579258918762207031e-03
8.821487426757812500e-06 1.648068428039550781e-04
1.042008399963378906e-03 3.658890724182128906e-03
2.029240131378173828e-04 3.418236970901489258e-03
3.422856330871582031e-03 2.699017524719238281e-03
3.349900245666503906e-03 9.858846664428710938e-03
1.750081777572631836e-03 9.620785713195800781e-04
2.931058406829833984e-04 4.024624824523925781e-03
2.145737409591674805e-03 3.950566053390502930e-03
