1.166343688964843750e-03 2.311968803405761719e-02
3.003001213073730469e-03 5.765557289123535156e-03
5.122184753417968750e-03 1.266682147979736328e-02
6.179213523864746094e-03 1.943814754486083984e-02
4.998445510864257812e-04 1.359337568283081055e-02
1.947879791259765625e-03 8.155941963195800781e-03
1.224279403686523438e-04 1.323223114013671875e-02
1.422166824340820312e-03 1.722335815429687500e-03
5.096912384033203125e-03 4.955291748046875000e-03
7.939338684082031250e-04 1.867395639419555664e-02
1.019954681396484375e-03 1.142108440399169922e-02
3.921866416931152344e-03 4.000425338745117188e-03
4.438877105712890625e-03 2.914309501647949219e-03
4.231691360473632812e-03 7.011890411376953125e-03
2.460956573486328125e-03 5.844831466674804688e-03
2.015352249145507812e-03 1.710265874862670898e-02
4.009008407592773438e-03 3.126025199890136719e-03
2.837181091308593750e-05 6.262063980102539062e-03
1.085066795349121094e-02 3.448843955993652344e-03
5.543947219848632812e-03 5.521774291992187500e-03
6.867289543151855469e-03 1.349163055419921875e-02
1.125490665435791016e-02 5.731821060180664062e-03
5.117058753967285156e-03 9.422063827514648438e-03
7.511496543884277344e-03 1.262426376342773438e-04
5.838155746459960938e-03 1.409673690795898438e-02
2.229452133178710938e-03 5.886733531951904297e-03
1.032114028930664062e-03 2.338731288909912109e-02
3.870844841003417969e-03 6.636023521423339844e-03
5.048513412475585938e-04 6.793797016143798828e-03
6.093978881835937500e-03 6.412625312805175781e-03
1.551389694213867188e-03 2.952516078948974609e-03
1.266157627105712891e-02 1.080298423767089844e-02
5.424737930297851562e-03 1.352322101593017578e-02
4.168868064880371094e-03 9.739041328430175781e-03
2.987384796142578125e-04 1.967310905456542969e-03
7.866621017456054688e-04 1.750409603118896484e-02
1.493120193481445312e-02 2.826929092407226562e-03
9.394884109497070312e-03 5.321979522705078125e-03
4.408478736877441406e-03 5.066752433776855469e-03
2.378106117248535156e-03 1.078128814697265625e-02
1.437664031982421875e-03 1.107943058013916016e-02
2.385497093200683594e-03 7.246732711791992188e-03
1.397848129272460938e-03 5.350112915039062500e-03
