7.949066162109375000e-02 5.306625366210937500e-02
7.114410400390625000e-03 2.970504760742187500e-02
5.113601684570312500e-02 1.631546020507812500e-02
9.265899658203125000e-03 6.698989868164062500e-02
3.620910644531250000e-02 5.004882812500000000e-02
6.380462646484375000e-02 4.520797729492187500e-02
2.244186401367187500e-02 2.912139892578125000e-02
1.289749145507812500e-02 1.152801513671875000e-02
3.415298461914062500e-02 3.032684326171875000e-02
3.408050537109375000e-02 6.061935424804687500e-02
4.833984375000000000e-02 3.056716918945312500e-02
4.012680053710937500e-02 4.697418212890625000e-02
1.733398437500000000e-02 1.411819458007812500e-02
4.144668579101562500e-02 2.858734130859375000e-02
2.279281616210937500e-02 3.587341308593750000e-02
7.720947265625000000e-03 2.263259887695312500e-02
6.596755981445312500e-02 1.710891723632812500e-02
2.322006225585937500e-02 7.926940917968750000e-03
3.443908691406250000e-02 5.735015869140625000e-02
1.448059082031250000e-02 7.920455932617187500e-02
4.903411865234375000e-02 4.719161987304687500e-02
5.515670776367187500e-02 5.336761474609375000e-02
6.278991699218750000e-03 2.397537231445312500e-02
4.282379150390625000e-02 6.160736083984375000e-03
3.359985351562500000e-02 1.058464050292968750e-01
6.385803222656250000e-03 2.317962646484375000e-01
4.692077636718750000e-03 8.426666259765625000e-03
8.930206298828125000e-03 5.130767822265625000e-03
5.281448364257812500e-02 3.233337402343750000e-02
2.631378173828125000e-02 3.264236450195312500e-02
4.697799682617187500e-02 2.922058105468750000e-03
1.303863525390625000e-02 7.862091064453125000e-03
1.366043090820312500e-02 2.060317993164062500e-02
6.287002563476562500e-02 4.409408569335937500e-02
3.236389160156250000e-02 2.175140380859375000e-02
7.534027099609375000e-03 2.771759033203125000e-02
3.487777709960937500e-02 1.322174072265625000e-02
5.849075317382812500e-02 4.718780517578125000e-03
2.234649658203125000e-02 1.240158081054687500e-02
7.438659667968750000e-03 3.438568115234375000e-02
3.123855590820312500e-02 1.623535156250000000e-02
2.986907958984375000e-02 1.275253295898437500e-02
4.165649414062500000e-03 2.670288085937500000e-03
