1.989424228668212891e-03 3.789216279983520508e-03
6.230175495147705078e-04 6.491243839263916016e-04
1.669019460678100586e-03 2.279758453369140625e-03
1.055896282196044922e-03 3.720283508300781250e-03
2.704471349716186523e-03 1.168993115425109863e-02
5.015909671783447266e-03 2.550429105758666992e-02
5.715191364288330078e-04 1.260489225387573242e-03
1.471877098083496094e-03 2.118855714797973633e-03
1.114368438720703125e-03 2.304643392562866211e-03
1.238316297531127930e-03 3.209412097930908203e-03
1.280367374420166016e-03 2.775102853775024414e-03
9.751319885253906250e-05 1.950800418853759766e-03
1.718908548355102539e-03 3.697693347930908203e-03
2.264976501464843750e-04 3.041118383407592773e-03
6.693601608276367188e-05 5.092591047286987305e-03
1.018196344375610352e-03 2.795755863189697266e-04
2.890884876251220703e-03 2.854019403457641602e-03
2.465584874153137207e-02 1.975423097610473633e-02
2.831518650054931641e-04 1.045882701873779297e-03
1.403182744979858398e-03 1.261979341506958008e-03
3.629326820373535156e-04 5.055963993072509766e-04
5.029737949371337891e-03 8.041769266128540039e-03
3.181099891662597656e-04 6.906092166900634766e-04
1.550316810607910156e-04 4.067629575729370117e-03
7.895529270172119141e-04 5.435943603515625000e-04
6.157606840133666992e-03 4.967480897903442383e-03
9.536147117614746094e-04 1.268744468688964844e-03
1.955032348632812500e-05 6.676614284515380859e-04
9.967982769012451172e-04 2.779424190521240234e-03
2.141702175140380859e-02 1.987263560295104980e-02
1.281321048736572266e-03 4.677504301071166992e-03
4.943341016769409180e-03 2.128481864929199219e-02
7.035136222839355469e-04 3.158718347549438477e-03
1.447737216949462891e-03 2.806484699249267578e-04
1.098543405532836914e-03 6.237626075744628906e-04
8.904039859771728516e-04 2.075403928756713867e-03
8.412301540374755859e-04 3.741025924682617188e-03
4.805922508239746094e-04 2.935707569122314453e-03
3.654062747955322266e-04 7.793605327606201172e-04
1.686185598373413086e-03 1.500248908996582031e-03
6.854534149169921875e-05 1.110017299652099609e-03
1.402169466018676758e-03 2.084165811538696289e-03
1.310974359512329102e-03 6.242960691452026367e-03
