5.567610263824462891e-03 1.125362515449523926e-02
6.615817546844482422e-04 6.593942642211914062e-03
4.729837179183959961e-03 6.453990936279296875e-04
7.977187633514404297e-03 9.507119655609130859e-03
1.589864492416381836e-03 3.189146518707275391e-04
5.593359470367431641e-03 5.382657051086425781e-03
3.418922424316406250e-03 1.346141099929809570e-03
1.767545938491821289e-03 1.856386661529541016e-03
1.017004251480102539e-03 3.038227558135986328e-03
2.326458692550659180e-03 1.024574041366577148e-03
3.689229488372802734e-04 4.147469997406005859e-03
2.198815345764160156e-03 6.988048553466796875e-04
7.206499576568603516e-04 2.707511186599731445e-03
2.724021673202514648e-03 1.758038997650146484e-04
9.539723396301269531e-05 7.664501667022705078e-03
2.717524766921997070e-03 5.041241645812988281e-03
8.977055549621582031e-04 1.074314117431640625e-03
1.857340335845947266e-03 1.379907131195068359e-03
6.204187870025634766e-03 1.777032017707824707e-02
1.880735158920288086e-03 1.324474811553955078e-03
4.134118556976318359e-03 1.446902751922607422e-03
3.639757633209228516e-04 2.223461866378784180e-03
1.951366662979125977e-03 2.565979957580566406e-05
9.740114212036132812e-03 5.588650703430175781e-03
6.765127182006835938e-06 3.891378641128540039e-03
1.698434352874755859e-04 3.910481929779052734e-03
3.487110137939453125e-03 5.275607109069824219e-04
3.741383552551269531e-04 1.391500234603881836e-03
2.568632364273071289e-03 3.009170293807983398e-03
1.860111951828002930e-03 3.300100564956665039e-03
4.112124443054199219e-04 5.811959505081176758e-03
7.908493280410766602e-03 6.943494081497192383e-03
9.253621101379394531e-05 7.532954216003417969e-03
4.321336746215820312e-04 2.938628196716308594e-03
1.886367797851562500e-03 1.325756311416625977e-03
2.933800220489501953e-03 2.065539360046386719e-03
1.110425591468811035e-02 5.971223115921020508e-03
1.286503672599792480e-02 2.422082424163818359e-02
1.599234342575073242e-02 6.166666746139526367e-03
2.789199352264404297e-04 2.439349889755249023e-03
1.837939023971557617e-03 9.782314300537109375e-04
3.566145896911621094e-03 4.459023475646972656e-03
3.677070140838623047e-03 9.633600711822509766e-04
