4.067096710205078125e-01 7.565879821777343750e-01
1.270580291748046875e-01 1.708891868591308594e+00
5.355710983276367188e-01 1.290913581848144531e+00
1.119411230087280273e+00 1.357985258102416992e+00
6.642103195190429688e-01 1.271924018859863281e+00
3.384847640991210938e-01 2.133026123046875000e+00
5.637435913085937500e-01 7.409362792968750000e-01
3.349771499633789062e-01 1.195528030395507812e+00
4.005937576293945312e-01 2.223576545715332031e+00
1.876530945301055908e-01 3.368755340576171875e+00
6.356115341186523438e-01 3.166542053222656250e-01
3.978109359741210938e-02 1.649384021759033203e+00
2.359323501586914062e-01 4.510762214660644531e+00
7.197570800781250000e-02 3.712911605834960938e-01
1.825170516967773438e-01 8.379125595092773438e-01
1.707592010498046875e-01 3.777990341186523438e-01
2.957859039306640625e-01 4.422149658203125000e-01
4.818115234375000000e-01 4.172652244567871094e+00
3.732061386108398438e-01 1.701285362243652344e+00
7.165431976318359375e-01 2.049388885498046875e+00
3.524999618530273438e-01 1.982964038848876953e+00
1.068000793457031250e-01 6.856927871704101562e-01
6.729059219360351562e-01 9.038476943969726562e-01
9.352016448974609375e-02 1.734696388244628906e+00
3.468892574310302734e-01 4.404935836791992188e-01
8.150577545166015625e-02 3.673009872436523438e-01
2.173433303833007812e-01 1.362294197082519531e+00
6.787824630737304688e-01 2.134037017822265625e-02
7.007694244384765625e-02 1.795444488525390625e+00
8.062105178833007812e-01 3.127841949462890625e-01
1.504535675048828125e-01 1.895284652709960938e+00
4.668054580688476562e-01 1.738882064819335938e-01
4.179382324218750000e-01 1.081090927124023438e+00
2.509660720825195312e-01 1.598265886306762695e+00
1.404142379760742188e-01 1.433504104614257812e+00
8.773975372314453125e-01 1.701760292053222656e+00
1.792000770568847656e+00 8.176825046539306641e-01
1.885968923568725586e+00 4.049200534820556641e+00
5.720615386962890625e-02 1.961278915405273438e-01
1.948843002319335938e-01 2.106362819671630859e+00
9.542560577392578125e-02 1.546798706054687500e+00
5.126104354858398438e-01 7.598094940185546875e-01
1.454811096191406250e-01 3.053363800048828125e+00
