7.203722596168518066e-01 3.990922927856445312e+00
6.304240226745605469e+00 1.374235534667968750e+01
1.072055339813232422e+00 1.546143531799316406e+00
7.291941642761230469e-01 8.854610919952392578e-01
1.475334167480468750e+00 8.335402011871337891e-01
1.476168632507324219e+00 1.846342086791992188e-01
7.234954833984375000e-01 1.089219093322753906e+00
1.236038208007812500e-01 1.421623229980468750e+00
4.148006439208984375e-03 1.317248344421386719e+00
7.308959960937500000e-02 3.133010864257812500e-02
1.087648391723632812e+00 9.385514259338378906e-01
2.633838653564453125e-01 7.785701751708984375e-02
1.172523498535156250e-01 1.744430541992187500e+00
7.827320098876953125e-01 7.304854393005371094e-01
6.861686706542968750e-03 1.167642593383789062e+00
6.771478652954101562e-01 3.972778320312500000e-01
6.295294761657714844e-01 5.580186843872070312e-02
1.712627410888671875e-01 1.381580829620361328e+00
3.306393623352050781e-01 1.495263576507568359e+00
2.969965219497680664e+00 9.152065277099609375e+00
1.095972061157226562e-01 1.287998199462890625e+00
6.591415405273437500e-02 1.967281341552734375e+00
8.331928253173828125e-01 9.541931152343750000e-01
3.050241470336914062e-01 5.093994140625000000e-01
3.070008754730224609e-01 6.318825721740722656e+00
7.015705108642578125e-01 3.586626052856445312e-01
4.154596328735351562e-01 1.101736068725585938e+00
1.721591949462890625e-01 4.432625770568847656e-01
2.500505447387695312e-01 4.370565414428710938e-01
6.092244386672973633e-01 2.142833232879638672e+00
3.554720878601074219e-01 1.201721668243408203e+00
3.094959259033203125e-02 7.001085281372070312e-01
2.367856264114379883e+00 1.492728471755981445e+00
7.315263748168945312e-01 6.992979049682617188e-01
2.714776992797851562e-01 1.029555320739746094e+00
1.064151763916015625e+00 7.176151275634765625e-01
1.268062591552734375e-01 1.541073799133300781e+00
6.043300628662109375e-01 2.700319290161132812e-01
9.160518646240234375e-02 4.523253440856933594e-01
2.795324325561523438e-01 1.198263168334960938e+00
1.190763473510742188e+00 1.112199783325195312e+00
1.020574569702148438e-01 4.145421981811523438e-01
8.412075042724609375e-01 4.195981025695800781e+00
