3.966212272644042969e-03 3.075957298278808594e-03
3.433227539062500000e-04 2.131003141403198242e-02
6.401419639587402344e-03 5.410552024841308594e-03
4.418134689331054688e-03 1.366770267486572266e-02
8.119344711303710938e-04 1.376152038574218750e-03
9.485483169555664062e-04 2.596378326416015625e-04
4.486560821533203125e-03 6.939411163330078125e-03
1.282477378845214844e-02 1.876056194305419922e-02
2.590656280517578125e-03 6.529927253723144531e-03
7.723569869995117188e-04 6.512999534606933594e-03
2.545595169067382812e-03 7.627904415130615234e-03
2.882361412048339844e-03 9.558200836181640625e-03
4.726529121398925781e-03 2.666115760803222656e-03
3.731131553649902344e-03 1.082670688629150391e-02
2.479553222656250000e-04 1.900637149810791016e-02
1.330614089965820312e-03 9.327411651611328125e-03
1.068949699401855469e-03 1.848816871643066406e-03
1.554369926452636719e-03 1.159125566482543945e-02
1.594543457031250000e-03 1.902753114700317383e-02
1.128435134887695312e-03 9.395122528076171875e-03
6.848454475402832031e-03 1.359879970550537109e-02
6.306171417236328125e-03 5.114436149597167969e-03
7.076621055603027344e-03 7.903575897216796875e-05
3.739833831787109375e-03 2.011513710021972656e-02
2.914190292358398438e-03 4.356980323791503906e-03
6.127357482910156250e-03 3.738641738891601562e-03
1.266360282897949219e-03 7.150650024414062500e-03
1.128256320953369141e-02 3.503322601318359375e-03
4.327297210693359375e-03 4.270553588867187500e-03
7.117986679077148438e-04 1.599192619323730469e-03
1.474261283874511719e-03 8.477926254272460938e-03
1.094341278076171875e-04 1.442074775695800781e-03
2.672910690307617188e-03 4.124999046325683594e-03
5.044817924499511719e-03 1.203536987304687500e-03
4.593849182128906250e-03 1.111030578613281250e-04
1.012444496154785156e-03 1.226806640625000000e-02
1.020312309265136719e-03 9.422063827514648438e-03
7.950663566589355469e-03 1.192796230316162109e-02
6.346464157104492188e-03 3.931403160095214844e-03
4.261016845703125000e-03 9.408354759216308594e-03
1.674294471740722656e-03 7.501482963562011719e-03
1.483201980590820312e-03 9.723305702209472656e-03
3.963708877563476562e-03 3.104090690612792969e-03
