1.754760742187500000e-02 2.824020385742187500e-02
1.789093017578125000e-02 2.642059326171875000e-02
2.343368530273437500e-02 5.607604980468750000e-04
3.356933593750000000e-04 1.030349731445312500e-02
8.190155029296875000e-03 5.924224853515625000e-03
5.646133422851562500e-02 3.759765625000000000e-02
1.121139526367187500e-02 7.183074951171875000e-02
2.872467041015625000e-02 2.039337158203125000e-02
4.589080810546875000e-03 4.505157470703125000e-03
1.316452026367187500e-02 4.662322998046875000e-02
1.393890380859375000e-02 6.719207763671875000e-02
2.809906005859375000e-02 2.024841308593750000e-02
9.571075439453125000e-03 3.082275390625000000e-03
1.110839843750000000e-02 1.010894775390625000e-02
8.468627929687500000e-03 7.325363159179687500e-02
2.157592773437500000e-02 4.359436035156250000e-02
1.713180541992187500e-02 2.155303955078125000e-03
2.514648437500000000e-02 5.007171630859375000e-02
3.676605224609375000e-02 1.849365234375000000e-02
4.678344726562500000e-02 2.677536010742187500e-02
9.269332885742187500e-02 1.742134094238281250e-01
7.133483886718750000e-03 1.948547363281250000e-02
3.680038452148437500e-02 7.075119018554687500e-02
5.185317993164062500e-02 1.089324951171875000e-01
9.502410888671875000e-03 6.790161132812500000e-03
7.209777832031250000e-03 3.719329833984375000e-03
1.924896240234375000e-02 9.262084960937500000e-03
1.486968994140625000e-02 4.759979248046875000e-02
4.127502441406250000e-03 4.545974731445312500e-02
1.064682006835937500e-02 2.664947509765625000e-02
1.662445068359375000e-02 2.331542968750000000e-02
4.417419433593750000e-03 5.438232421875000000e-02
5.904388427734375000e-02 1.107864379882812500e-01
6.218719482421875000e-02 1.057014465332031250e-01
2.739334106445312500e-02 3.305435180664062500e-02
2.121734619140625000e-02 3.628921508789062500e-02
1.888656616210937500e-02 2.109909057617187500e-02
2.222442626953125000e-02 5.031585693359375000e-03
2.212142944335937500e-02 3.007507324218750000e-02
1.422882080078125000e-02 5.928039550781250000e-03
7.560729980468750000e-03 2.593612670898437500e-02
3.050994873046875000e-02 5.195617675781250000e-02
7.422256469726562500e-02 1.132431030273437500e-01
