2.176582813262939453e-03 1.939833164215087891e-04
3.305673599243164062e-04 4.759430885314941406e-05
8.352696895599365234e-03 5.787938833236694336e-03
3.268420696258544922e-03 3.280639648437500000e-03
1.054847240447998047e-02 1.188129186630249023e-03
4.146426916122436523e-03 8.955299854278564453e-04
3.305673599243164062e-04 1.279264688491821289e-03
9.937584400177001953e-03 7.325410842895507812e-04
1.782697439193725586e-02 1.004621386528015137e-02
1.371413469314575195e-03 1.194387674331665039e-03
1.006442308425903320e-02 4.006654024124145508e-03
6.241440773010253906e-03 1.267045736312866211e-03
6.987422704696655273e-03 5.277037620544433594e-03
1.138943433761596680e-02 9.397864341735839844e-04
1.202145218849182129e-02 8.665323257446289062e-04
3.591418266296386719e-03 1.238584518432617188e-04
2.050459384918212891e-03 2.284258604049682617e-03
3.314614295959472656e-04 5.094707012176513672e-04
1.088145375251770020e-02 4.151463508605957031e-05
8.273094892501831055e-03 4.299402236938476562e-03
9.942740201950073242e-03 4.512250423431396484e-03
1.115834712982177734e-02 9.182244539260864258e-03
9.298413991928100586e-03 2.803981304168701172e-03
4.342466592788696289e-03 8.277922868728637695e-03
8.886575698852539062e-03 4.857778549194335938e-05
4.330962896347045898e-03 5.728244781494140625e-03
1.006442308425903320e-02 3.424614667892456055e-03
6.893426179885864258e-03 5.686610937118530273e-03
1.754301786422729492e-02 1.013150811195373535e-02
3.591418266296386719e-03 1.068532466888427734e-03
1.283743977546691895e-02 3.765344619750976562e-03
1.476493477821350098e-02 1.244363188743591309e-02
2.224773168563842773e-03 4.351258277893066406e-03
1.158842444419860840e-02 3.526628017425537109e-03
1.212042570114135742e-02 3.835171461105346680e-03
1.713186502456665039e-03 3.501385450363159180e-03
1.132577657699584961e-03 4.161059856414794922e-03
1.476496458053588867e-02 1.184058189392089844e-02
1.283743977546691895e-02 3.556370735168457031e-03
4.081556200981140137e-02 1.625818014144897461e-02
1.022243499755859375e-02 3.457874059677124023e-03
8.732438087463378906e-03 2.313733100891113281e-03
9.297430515289306641e-03 2.266108989715576172e-03
