4.136047363281250000e-01 9.011735916137695312e-01
2.630710601806640625e-02 1.499686241149902344e+00
4.689836502075195312e-01 1.546926498413085938e+00
1.176770210266113281e+00 4.461068153381347656e+00
9.917163848876953125e-02 1.024489402770996094e+00
6.267929077148437500e-01 2.412929534912109375e-01
4.194164276123046875e-01 1.121132850646972656e+00
9.935827255249023438e-01 3.319578170776367188e-01
7.088985443115234375e-01 9.739589691162109375e-01
1.534919738769531250e-01 1.253164291381835938e+00
5.224618911743164062e-01 2.237371444702148438e+00
1.538904190063476562e+00 1.765134811401367188e+00
6.309099197387695312e-01 2.007369995117187500e+00
2.260923385620117188e-01 1.385145187377929688e-01
6.294918060302734375e-01 1.318214416503906250e+00
7.903776168823242188e-01 3.201736450195312500e+00
1.096142768859863281e+00 4.218897819519042969e+00
8.595275878906250000e-02 4.882621765136718750e-02
4.366817474365234375e-01 6.143503189086914062e-01
1.847076416015625000e-02 5.214567184448242188e-01
3.433313369750976562e-01 2.254510879516601562e+00
5.202140808105468750e-01 6.305723190307617188e-01
4.087066650390625000e-02 1.635457038879394531e+00
1.908617496490478516e+00 1.054187774658203125e+00
4.465608596801757812e-01 9.243450164794921875e-01
2.834081649780273438e-02 1.973881721496582031e+00
6.866760253906250000e-01 2.409893989562988281e+00
1.769428253173828125e-01 2.052173137664794922e+00
2.511310577392578125e-01 7.383956909179687500e-01
1.255046367645263672e+00 5.637478828430175781e-02
4.754009246826171875e-01 1.790013313293457031e+00
6.295785903930664062e-01 2.117246150970458984e+00
8.139047622680664062e-01 4.029698371887207031e-01
1.236724853515625000e-02 1.311403274536132812e+00
6.847858428955078125e-02 1.571793556213378906e+00
8.827180862426757812e-01 1.839145660400390625e+00
6.934185028076171875e-01 1.204550743103027344e+00
3.927135467529296875e-01 2.409639358520507812e-01
3.440124988555908203e-01 5.424529075622558594e+00
3.682212829589843750e-01 1.774375915527343750e+00
2.271795272827148438e-01 4.941482543945312500e-01
7.856111526489257812e-01 1.157283782958984375e-01
7.605824470520019531e-01 1.542477130889892578e+00
