3.630161285400390625e-03 3.141105175018310547e-03
1.790195703506469727e-03 2.566605806350708008e-03
3.245472908020019531e-05 8.041262626647949219e-04
2.107024192810058594e-05 7.709830999374389648e-03
1.142859458923339844e-03 5.948066711425781250e-03
4.572629928588867188e-03 4.836052656173706055e-03
2.724409103393554688e-03 4.726499319076538086e-03
6.175339221954345703e-04 6.599128246307373047e-04
2.796500921249389648e-03 1.021951436996459961e-03
3.072828054428100586e-03 2.992808818817138672e-03
8.772909641265869141e-04 2.921432256698608398e-03
2.154290676116943359e-03 1.515448093414306641e-04
3.877282142639160156e-05 1.869469881057739258e-03
2.365827560424804688e-03 4.037052392959594727e-03
1.415401697158813477e-03 3.870993852615356445e-03
4.409402608871459961e-03 9.570747613906860352e-03
3.018349409103393555e-03 1.646697521209716797e-03
8.288323879241943359e-04 6.023049354553222656e-05
3.043681383132934570e-03 4.446625709533691406e-03
1.937925815582275391e-03 9.846866130828857422e-03
2.894848585128784180e-03 1.194918155670166016e-02
3.028839826583862305e-03 1.404792070388793945e-03
3.837406635284423828e-03 3.415584564208984375e-03
9.082853794097900391e-04 3.358364105224609375e-03
4.112720489501953125e-04 8.279085159301757812e-05
1.880642771720886230e-02 2.523478865623474121e-02
4.097819328308105469e-04 1.449316740036010742e-03
2.025038003921508789e-03 1.514852046966552734e-03
1.725286245346069336e-03 1.846432685852050781e-03
2.736151218414306641e-04 2.484321594238281250e-03
1.563727855682373047e-04 5.092382431030273438e-03
8.760482072830200195e-03 4.167944192886352539e-03
2.737194299697875977e-03 4.409819841384887695e-03
1.628816127777099609e-03 4.647374153137207031e-03
2.111911773681640625e-03 1.587480306625366211e-03
7.185339927673339844e-04 1.679033041000366211e-03
6.339848041534423828e-04 3.239333629608154297e-03
1.925498247146606445e-03 2.398639917373657227e-03
6.917119026184082031e-05 1.009702682495117188e-04
1.790940761566162109e-03 6.605088710784912109e-03
2.036362886428833008e-03 1.577079296112060547e-03
2.181828022003173828e-03 2.042233943939208984e-03
1.260578632354736328e-03 3.275811672210693359e-03
