1.274267196655273438e+00 4.044971466064453125e-01
1.728408575057983398e+00 1.677527427673339844e-01
1.573248863220214844e+00 1.218029975891113281e+00
6.514205932617187500e-01 2.004367828369140625e+00
1.940396308898925781e+00 9.598431587219238281e-01
1.221166610717773438e+00 1.992159843444824219e+00
1.244817256927490234e+00 7.767457962036132812e-01
1.082551002502441406e+00 1.869630813598632812e+00
7.997369766235351562e-01 6.792440414428710938e-01
6.048202514648437500e-02 1.796516418457031250e+00
7.525730133056640625e-02 8.559465408325195312e-01
1.614052772521972656e+00 1.561774253845214844e+00
1.334870338439941406e+00 3.890428543090820312e-01
5.329790115356445312e-01 1.684358596801757812e+00
1.061536788940429688e+00 1.807777404785156250e+00
1.909591436386108398e+00 8.604001998901367188e-01
1.528348922729492188e-01 8.565063476562500000e-01
9.665660858154296875e-01 1.210602760314941406e+00
7.367976903915405273e-01 4.006867885589599609e+00
7.172927856445312500e-01 1.227782726287841797e+00
8.940086364746093750e-01 2.026886940002441406e+00
1.127075195312500000e+00 9.691934585571289062e-01
1.601142883300781250e-01 1.487191677093505859e+00
5.089187622070312500e-01 2.380198478698730469e+00
6.860933303833007812e-01 8.984069824218750000e-01
2.048254013061523438e-01 1.813800811767578125e+00
3.372278213500976562e-01 6.178483963012695312e-01
1.090812683105468750e-01 2.316329956054687500e+00
6.616888046264648438e-01 1.962262153625488281e+00
6.919059753417968750e-01 2.419900894165039062e-01
2.262178182601928711e+00 1.514803171157836914e+00
5.282745361328125000e-01 7.105255126953125000e-02
1.321855068206787109e+00 1.761333942413330078e+00
5.237627029418945312e-01 1.808341026306152344e+00
3.697357177734375000e-01 7.728371620178222656e-01
2.572059631347656250e-01 1.665378570556640625e+00
2.614736557006835938e-01 1.232528686523437500e-02
2.043704748153686523e+00 8.413610458374023438e-01
6.161532402038574219e-01 1.451385974884033203e+00
9.807968139648437500e-02 8.466596603393554688e-01
6.929044723510742188e-01 1.574314117431640625e+00
4.025905132293701172e-01 1.902036666870117188e-01
2.383604049682617188e-01 2.236589431762695312e+00
