5.901212692260742188e-01 1.015818595886230469e+00
3.032484054565429688e-01 2.082828521728515625e+00
4.736328125000000000e-02 1.849861145019531250e+00
1.325950622558593750e-01 7.149705886840820312e-01
7.799150943756103516e-01 1.442956924438476562e-01
1.271142959594726562e-01 1.665551662445068359e+00
9.562435150146484375e-01 1.118701934814453125e+00
1.319388151168823242e+00 4.792790412902832031e-01
2.288827896118164062e-01 2.368097305297851562e-01
1.010185956954956055e+00 4.340071678161621094e+00
1.050138473510742188e-01 1.804449081420898438e+00
3.816604614257812500e-03 1.376048088073730469e+00
9.619712829589843750e-03 1.094789505004882812e-01
8.586692810058593750e-02 5.619802474975585938e-01
8.965568542480468750e-01 4.755368232727050781e+00
4.292492866516113281e-01 1.368770599365234375e-01
1.406303763389587402e+00 6.694979667663574219e-01
1.096276283264160156e+00 8.738837242126464844e-01
1.194587945938110352e+00 5.535101890563964844e-01
7.919321060180664062e-01 7.471532821655273438e-01
4.021263122558593750e-02 1.349557876586914062e+00
5.145616531372070312e-01 1.760958194732666016e+00
5.554056167602539062e-01 1.762782096862792969e+00
9.769067764282226562e-01 1.424628257751464844e+00
4.759502410888671875e-02 1.362895965576171875e-02
2.732501029968261719e-01 6.670413017272949219e-01
2.075579404830932617e+00 1.134702682495117188e+00
1.004248380661010742e+00 8.873870372772216797e-01
2.865686416625976562e-01 1.710108757019042969e+00
1.017000198364257812e+00 2.953376770019531250e-01
1.596584320068359375e-01 8.146047592163085938e-01
6.392669677734375000e-02 1.526291847229003906e+00
9.832267761230468750e-01 9.425735473632812500e-02
1.020378112792968750e+00 2.116377830505371094e+00
8.166856765747070312e-01 1.094358444213867188e+00
6.035165786743164062e-01 6.054363250732421875e-01
7.274913787841796875e-02 1.699234485626220703e+00
2.836132049560546875e-01 5.050935745239257812e-01
1.271848678588867188e-01 9.820804595947265625e-01
1.858120918273925781e+00 8.773116111755371094e+00
1.175126075744628906e+00 1.034237861633300781e+00
6.607856750488281250e-01 4.950234889984130859e+00
6.649560928344726562e-01 1.400314331054687500e+00
