3.243446350097656250e-03 1.211869716644287109e-02
2.130985260009765625e-03 6.864070892333984375e-03
1.819491386413574219e-03 2.178084850311279297e-02
1.712799072265625000e-03 1.508504152297973633e-02
9.409189224243164062e-04 8.560180664062500000e-03
6.715059280395507812e-04 6.995081901550292969e-03
7.231235504150390625e-04 7.827281951904296875e-03
3.047347068786621094e-03 5.775451660156250000e-03
5.731105804443359375e-03 6.957411766052246094e-03
1.564383506774902344e-03 1.513063907623291016e-02
3.773212432861328125e-03 2.648830413818359375e-03
3.744959831237792969e-03 2.436637878417968750e-03
2.171754837036132812e-03 3.170430660247802734e-03
2.967476844787597656e-03 7.202565670013427734e-03
3.671646118164062500e-03 3.730714321136474609e-03
2.282142639160156250e-03 9.911060333251953125e-04
2.487897872924804688e-04 1.681804656982421875e-03
1.527905464172363281e-03 9.102106094360351562e-03
8.029937744140625000e-04 1.865863800048828125e-03
6.219148635864257812e-04 1.231324672698974609e-02
5.373239517211914062e-03 3.506302833557128906e-03
1.189231872558593750e-03 1.826429367065429688e-02
9.497880935668945312e-03 1.915562152862548828e-02
1.894712448120117188e-03 1.986360549926757812e-02
3.063440322875976562e-03 8.390426635742187500e-03
3.552913665771484375e-03 7.215499877929687500e-03
3.960251808166503906e-03 1.863181591033935547e-03
5.464553833007812500e-04 1.788258552551269531e-03
5.506873130798339844e-03 7.958412170410156250e-04
2.254247665405273438e-04 1.300746202468872070e-02
1.825809478759765625e-03 5.630254745483398438e-03
2.239227294921875000e-03 1.883774995803833008e-02
2.510666847229003906e-03 3.040075302124023438e-03
3.326177597045898438e-03 2.210617065429687500e-03
4.690170288085937500e-03 6.591677665710449219e-03
1.454591751098632812e-03 2.443182468414306641e-02
1.095008850097656250e-02 4.106402397155761719e-03
7.225275039672851562e-04 2.584218978881835938e-03
2.168178558349609375e-03 1.859349012374877930e-02
5.705475807189941406e-03 1.276898384094238281e-02
3.256678581237792969e-03 7.339417934417724609e-03
7.617473602294921875e-04 1.724529266357421875e-02
8.179783821105957031e-03 1.733970642089843750e-02
