1.872539520263671875e-03 2.155184745788574219e-03
2.564549446105957031e-03 1.058626174926757812e-02
8.132696151733398438e-03 1.433873176574707031e-02
1.281023025512695312e-03 2.261984348297119141e-02
6.412267684936523438e-03 9.347677230834960938e-03
2.828359603881835938e-03 4.420757293701171875e-03
5.754351615905761719e-03 2.538013458251953125e-02
8.976817131042480469e-03 1.007354259490966797e-02
5.140185356140136719e-03 1.520693302154541016e-02
3.446340560913085938e-04 1.234745979309082031e-02
7.504224777221679688e-04 1.947104930877685547e-02
1.214146614074707031e-02 1.765489578247070312e-02
3.514766693115234375e-03 6.423592567443847656e-03
4.770517349243164062e-03 1.122474670410156250e-03
2.433657646179199219e-03 5.517959594726562500e-03
5.848407745361328125e-03 3.523707389831542969e-03
1.907825469970703125e-03 2.381384372711181641e-03
3.003716468811035156e-03 4.728436470031738281e-03
2.623796463012695312e-04 3.780722618103027344e-03
3.327965736389160156e-03 4.527449607849121094e-03
3.563046455383300781e-03 4.995822906494140625e-03
1.006674766540527344e-02 6.518363952636718750e-03
3.142356872558593750e-03 1.850819587707519531e-02
1.053929328918457031e-03 3.056764602661132812e-03
1.319050788879394531e-02 1.991200447082519531e-02
2.018094062805175781e-03 1.563823223114013672e-02
1.969456672668457031e-03 1.063239574432373047e-02
3.524422645568847656e-03 8.706927299499511719e-03
5.598068237304687500e-03 5.750298500061035156e-03
2.637147903442382812e-03 9.485125541687011719e-03
7.855892181396484375e-04 1.316368579864501953e-02
1.477539539337158203e-02 1.982152462005615234e-02
3.989577293395996094e-03 6.054282188415527344e-03
2.060294151306152344e-03 1.030898094177246094e-02
1.095938682556152344e-02 1.475822925567626953e-02
1.477468013763427734e-02 1.734018325805664062e-03
2.855062484741210938e-04 1.428270339965820312e-02
1.338124275207519531e-03 3.327608108520507812e-03
5.751490592956542969e-03 4.845857620239257812e-04
1.614332199096679688e-03 3.024339675903320312e-03
3.956556320190429688e-03 2.449047565460205078e-02
6.963014602661132812e-04 5.515456199645996094e-03
9.692907333374023438e-03 1.736760139465332031e-03
