6.511211395263671875e-04 3.457665443420410156e-03
8.997917175292968750e-04 3.286898136138916016e-04
7.513165473937988281e-04 1.082143187522888184e-02
1.833617687225341797e-03 1.842081546783447266e-04
6.238996982574462891e-03 6.493449211120605469e-03
3.785431385040283203e-03 3.170371055603027344e-04
2.851188182830810547e-04 3.868341445922851562e-04
5.948543548583984375e-05 1.022088527679443359e-02
1.013529300689697266e-02 2.537101507186889648e-03
2.412021160125732422e-03 1.372992992401123047e-03
3.217160701751708984e-04 1.946330070495605469e-03
8.788198232650756836e-03 2.562105655670166016e-04
1.102775335311889648e-03 1.216590404510498047e-03
7.825791835784912109e-04 5.332857370376586914e-03
2.888947725296020508e-03 5.603134632110595703e-04
1.488566398620605469e-03 6.564855575561523438e-03
1.637637615203857422e-04 4.777014255523681641e-03
1.891136169433593750e-03 7.581412792205810547e-04
1.152902841567993164e-03 2.390235662460327148e-03
2.220928668975830078e-03 1.143789291381835938e-02
3.455281257629394531e-04 2.495527267456054688e-03
1.519292593002319336e-03 2.042740583419799805e-03
6.180495023727416992e-03 4.721879959106445312e-04
7.763475179672241211e-03 7.391482591629028320e-03
3.506839275360107422e-03 1.041227579116821289e-02
3.800839185714721680e-03 1.972913742065429688e-05
4.320532083511352539e-03 5.645275115966796875e-03
2.436488866806030273e-03 9.482264518737792969e-03
5.794703960418701172e-03 1.696050167083740234e-04
1.916795969009399414e-03 4.984050989151000977e-03
7.711052894592285156e-04 1.441478729248046875e-03
3.177076578140258789e-03 1.774668693542480469e-03
1.457214355468750000e-03 3.955870866775512695e-03
4.407733678817749023e-03 1.246720552444458008e-03
1.141369342803955078e-03 1.055121421813964844e-03
1.482456922531127930e-03 1.404851675033569336e-03
4.489600658416748047e-03 2.990990877151489258e-03
1.161992549896240234e-03 2.949476242065429688e-03
5.180239677429199219e-04 2.740561962127685547e-03
1.179337501525878906e-03 4.543960094451904297e-03
2.501338720321655273e-03 7.097125053405761719e-04
1.477539539337158203e-03 3.645122051239013672e-04
2.922117710113525391e-04 1.568198204040527344e-03
