1.846343278884887695e-03 5.918741226196289062e-04
7.787644863128662109e-03 1.214504241943359375e-03
7.982850074768066406e-04 4.095971584320068359e-03
2.883672714233398438e-04 3.210157155990600586e-03
2.443581819534301758e-03 1.813530921936035156e-02
1.245796680450439453e-03 1.036703586578369141e-03
1.825451850891113281e-03 1.199722290039062500e-03
1.982152462005615234e-04 8.831620216369628906e-04
2.939403057098388672e-04 1.161396503448486328e-03
7.263422012329101562e-04 1.454204320907592773e-03
4.529356956481933594e-04 6.832182407379150391e-04
1.949846744537353516e-03 5.552172660827636719e-03
1.670026779174804688e-02 1.845049858093261719e-02
1.285374164581298828e-04 1.578003168106079102e-03
5.446970462799072266e-04 5.526840686798095703e-04
1.408666372299194336e-03 8.780807256698608398e-03
4.045486450195312500e-03 8.195519447326660156e-03
1.418799161911010742e-03 2.949923276901245117e-03
2.922713756561279297e-04 1.451134681701660156e-03
1.666814088821411133e-03 7.814168930053710938e-04
3.449112176895141602e-03 4.428297281265258789e-03
1.597404479980468750e-04 3.719329833984375000e-03
7.591068744659423828e-03 2.108305692672729492e-02
1.546263694763183594e-03 3.988772630691528320e-03
1.285433769226074219e-03 3.388077020645141602e-03
1.467466354370117188e-04 1.988649368286132812e-03
9.643435478210449219e-04 1.615911722183227539e-03
4.772245883941650391e-03 2.102553844451904297e-04
1.501202583312988281e-03 3.511607646942138672e-04
1.635551452636718750e-04 3.605484962463378906e-04
5.923509597778320312e-04 9.946823120117187500e-04
1.905232667922973633e-03 4.008293151855468750e-03
1.520812511444091797e-04 9.164214134216308594e-04
2.499395608901977539e-02 1.442632079124450684e-02
2.026480436325073242e-02 1.941895484924316406e-02
1.975297927856445312e-03 5.905181169509887695e-03
1.000046730041503906e-03 5.384117364883422852e-03
2.769410610198974609e-03 5.922019481658935547e-04
1.362144947052001953e-03 2.499341964721679688e-03
2.312123775482177734e-03 1.368197798728942871e-02
1.425802707672119141e-03 1.636445522308349609e-03
2.273172140121459961e-03 3.984332084655761719e-03
1.183450222015380859e-04 9.464025497436523438e-04
