9.518921375274658203e-03 3.135353326797485352e-03
6.458491086959838867e-03 5.847215652465820312e-04
2.032458782196044922e-03 4.612207412719726562e-03
1.384347677230834961e-03 1.471251249313354492e-03
3.430485725402832031e-03 2.693831920623779297e-04
1.531928777694702148e-03 1.223877072334289551e-02
2.756208181381225586e-03 2.099454402923583984e-03
1.752674579620361328e-03 1.397430896759033203e-02
2.063751220703125000e-03 5.130767822265625000e-04
3.454685211181640625e-04 2.120971679687500000e-03
6.254822015762329102e-03 1.493453979492187500e-02
9.873509407043457031e-04 1.881897449493408203e-03
1.057982444763183594e-05 5.941271781921386719e-03
3.504753112792968750e-05 3.338068723678588867e-03
1.622396707534790039e-02 1.729559898376464844e-02
3.461956977844238281e-03 9.012550115585327148e-03
1.222819089889526367e-03 3.400236368179321289e-03
7.474124431610107422e-04 2.222150564193725586e-03
1.102656126022338867e-03 7.038116455078125000e-04
3.389626741409301758e-03 5.985856056213378906e-03
6.915628910064697266e-04 4.034996032714843750e-03
7.519125938415527344e-04 3.431767225265502930e-03
8.978545665740966797e-04 6.611198186874389648e-03
6.845593452453613281e-05 8.694261312484741211e-03
1.406788825988769531e-03 2.533704042434692383e-03
1.245945692062377930e-03 1.074925065040588379e-02
4.257649183273315430e-03 8.411109447479248047e-04
7.258355617523193359e-04 2.096861600875854492e-03
1.009374856948852539e-03 7.815718650817871094e-03
1.651287078857421875e-03 1.189708709716796875e-03
7.320940494537353516e-04 3.309100866317749023e-03
1.015961170196533203e-04 1.301497220993041992e-03
3.793269395828247070e-03 1.073843240737915039e-02
1.527935266494750977e-03 6.903290748596191406e-03
2.913475036621093750e-04 1.989483833312988281e-03
3.463655710220336914e-03 7.901817560195922852e-03
2.485036849975585938e-03 9.370088577270507812e-03
6.773769855499267578e-04 2.683907747268676758e-03
1.307517290115356445e-03 4.553079605102539062e-03
7.532835006713867188e-04 6.538540124893188477e-03
8.315443992614746094e-04 3.694653511047363281e-03
1.150935888290405273e-03 1.105126738548278809e-02
6.222724914550781250e-05 1.515865325927734375e-03
