5.614852905273437500e-02 6.763458251953125000e-03
1.634597778320312500e-02 8.113861083984375000e-03
2.647018432617187500e-02 4.379272460937500000e-03
9.845733642578125000e-03 8.350372314453125000e-03
1.473999023437500000e-02 1.035308837890625000e-02
2.143859863281250000e-03 2.089691162109375000e-02
1.243209838867187500e-02 3.155136108398437500e-02
3.528976440429687500e-02 1.256942749023437500e-02
3.942871093750000000e-02 1.047134399414062500e-02
4.868698120117187500e-02 1.100540161132812500e-02
4.048538208007812500e-02 2.920150756835937500e-02
5.638122558593750000e-03 2.665328979492187500e-02
9.894943237304687500e-02 1.009101867675781250e-01
2.956390380859375000e-03 6.842041015625000000e-02
1.091728210449218750e-01 1.826019287109375000e-01
5.754852294921875000e-02 5.821228027343750000e-03
3.423309326171875000e-02 1.097106933593750000e-02
3.594589233398437500e-02 8.937835693359375000e-03
1.520156860351562500e-02 7.419586181640625000e-03
2.822875976562500000e-03 7.009124755859375000e-02
3.157806396484375000e-02 5.865859985351562500e-02
6.504440307617187500e-02 1.113128662109375000e-02
1.939773559570312500e-02 8.892059326171875000e-03
1.632690429687500000e-03 2.796936035156250000e-02
2.637100219726562500e-02 5.702972412109375000e-03
1.729583740234375000e-02 4.175567626953125000e-02
5.228805541992187500e-02 6.169891357421875000e-02
1.758956909179687500e-02 2.608489990234375000e-02
4.672241210937500000e-02 1.430892944335937500e-02
2.105331420898437500e-02 2.008438110351562500e-02
4.575347900390625000e-02 1.524353027343750000e-02
9.616851806640625000e-03 8.186721801757812500e-02
1.325225830078125000e-02 3.096771240234375000e-02
9.910583496093750000e-03 1.068305969238281250e-01
6.843566894531250000e-03 3.299331665039062500e-02
9.010314941406250000e-03 2.519607543945312500e-02
2.078628540039062500e-02 2.621459960937500000e-02
3.707504272460937500e-02 6.163024902343750000e-02
6.664276123046875000e-02 7.316589355468750000e-03
9.368896484375000000e-03 1.904678344726562500e-02
4.076004028320312500e-02 1.515579223632812500e-02
1.240158081054687500e-02 5.345916748046875000e-02
9.284973144531250000e-03 3.948974609375000000e-02
