5.477905273437500000e-03 5.876541137695312500e-02
1.846313476562500000e-02 5.286788940429687500e-02
1.521682739257812500e-02 5.299758911132812500e-02
1.795959472656250000e-02 5.545806884765625000e-02
7.606506347656250000e-03 2.914810180664062500e-02
3.316116333007812500e-02 1.043281555175781250e-01
5.199050903320312500e-02 1.349258422851562500e-02
4.077911376953125000e-03 1.543807983398437500e-02
8.449554443359375000e-03 4.505157470703125000e-03
3.519439697265625000e-02 9.578704833984375000e-03
3.690719604492187500e-02 3.038406372070312500e-02
4.824447631835937500e-02 1.084136962890625000e-02
4.970550537109375000e-03 2.565002441406250000e-02
4.730224609375000000e-04 3.402328491210937500e-02
2.020645141601562500e-02 6.190490722656250000e-02
3.299713134765625000e-03 1.203155517578125000e-02
5.171966552734375000e-02 7.442092895507812500e-02
5.639266967773437500e-02 9.815979003906250000e-02
4.539489746093750000e-02 3.044891357421875000e-02
1.567077636718750000e-02 1.930618286132812500e-02
1.400375366210937500e-02 5.548095703125000000e-02
8.911132812500000000e-03 5.746841430664062500e-02
1.668548583984375000e-02 3.580474853515625000e-02
8.683776855468750000e-02 1.713943481445312500e-02
1.879119873046875000e-02 8.284759521484375000e-02
4.940032958984375000e-02 1.121139526367187500e-02
3.646850585937500000e-02 5.512237548828125000e-03
2.056884765625000000e-02 5.218887329101562500e-02
1.081314086914062500e-01 1.736068725585937500e-01
4.512786865234375000e-02 7.579803466796875000e-03
3.762817382812500000e-02 1.390838623046875000e-02
1.734924316406250000e-02 7.385253906250000000e-03
2.410507202148437500e-02 5.151367187500000000e-02
5.103683471679687500e-02 4.002761840820312500e-02
9.540557861328125000e-03 1.783752441406250000e-02
3.461837768554687500e-02 1.304244995117187500e-02
4.600524902343750000e-03 2.021408081054687500e-02
4.276275634765625000e-02 8.613586425781250000e-03
3.104782104492187500e-02 2.859878540039062500e-02
1.809692382812500000e-02 7.270812988281250000e-03
6.297683715820312500e-02 1.665878295898437500e-02
1.620483398437500000e-02 1.773834228515625000e-02
2.086257934570312500e-02 5.539703369140625000e-02
