5.296707153320312500e-02 3.372955322265625000e-02
1.956939697265625000e-03 3.906250000000000000e-03
1.599121093750000000e-02 9.377288818359375000e-02
7.068634033203125000e-03 2.276611328125000000e-02
6.291198730468750000e-02 1.142120361328125000e-02
3.592300415039062500e-02 5.139923095703125000e-02
1.015472412109375000e-02 2.052307128906250000e-03
2.701187133789062500e-02 9.558868408203125000e-02
6.092071533203125000e-03 6.777191162109375000e-02
3.303527832031250000e-02 1.067924499511718750e-01
1.552581787109375000e-02 4.642486572265625000e-03
3.861618041992187500e-02 9.944915771484375000e-02
1.257324218750000000e-02 2.055740356445312500e-02
1.606750488281250000e-02 8.061218261718750000e-02
4.787063598632812500e-02 3.858566284179687500e-02
3.316116333007812500e-02 5.712509155273437500e-02
2.740097045898437500e-02 3.358078002929687500e-02
6.177902221679687500e-02 5.181503295898437500e-02
9.189605712890625000e-03 3.923797607421875000e-02
2.319717407226562500e-02 2.351989746093750000e-01
2.906799316406250000e-02 5.554962158203125000e-02
2.632522583007812500e-02 2.734375000000000000e-02
8.544921875000000000e-03 4.188156127929687500e-02
3.685760498046875000e-02 2.983474731445312500e-02
7.166671752929687500e-02 1.792907714843750000e-04
3.702545166015625000e-02 2.648582458496093750e-01
2.950286865234375000e-02 5.125808715820312500e-02
4.218673706054687500e-02 1.335754394531250000e-01
6.280136108398437500e-02 3.301239013671875000e-02
5.847167968750000000e-02 2.938079833984375000e-02
3.291702270507812500e-02 1.697540283203125000e-03
2.719116210937500000e-02 2.231597900390625000e-03
3.365325927734375000e-02 6.247329711914062500e-02
7.850646972656250000e-03 5.863189697265625000e-03
5.785751342773437500e-02 1.517868041992187500e-02
1.235961914062500000e-02 6.096267700195312500e-02
4.438018798828125000e-02 2.999114990234375000e-02
8.778762817382812500e-02 4.822158813476562500e-02
2.105331420898437500e-02 5.438995361328125000e-02
1.701354980468750000e-02 3.936767578125000000e-02
5.310821533203125000e-02 3.697967529296875000e-02
1.800918579101562500e-02 1.620864868164062500e-02
1.836013793945312500e-02 2.312850952148437500e-02
