3.219485282897949219e-03 1.753866672515869141e-02
1.822590827941894531e-03 3.023147583007812500e-03
8.631944656372070312e-04 1.987218856811523438e-04
1.661419868469238281e-03 1.265287399291992188e-03
5.532503128051757812e-04 7.120311260223388672e-03
1.082444190979003906e-02 7.340908050537109375e-03
1.244544982910156250e-03 1.418489217758178711e-02
6.660103797912597656e-03 1.685357093811035156e-02
3.906130790710449219e-03 6.229162216186523438e-03
3.590226173400878906e-03 5.527019500732421875e-03
1.458883285522460938e-03 1.112580299377441406e-03
9.729862213134765625e-04 1.101779937744140625e-02
3.489017486572265625e-03 1.491844654083251953e-03
1.543521881103515625e-03 1.743412017822265625e-02
1.839160919189453125e-03 1.677298545837402344e-02
1.988887786865234375e-03 1.147282123565673828e-02
1.649022102355957031e-03 9.420752525329589844e-03
1.248610019683837891e-02 2.108073234558105469e-02
1.361846923828125000e-03 1.876252889633178711e-02
4.096388816833496094e-03 1.117193698883056641e-02
1.317143440246582031e-03 1.001358032226562500e-05
2.980232238769531250e-05 1.851266622543334961e-02
4.744529724121093750e-05 2.075314521789550781e-03
2.700090408325195312e-04 3.882646560668945312e-03
8.440017700195312500e-05 1.896560192108154297e-02
3.473758697509765625e-04 4.460096359252929688e-03
2.460360527038574219e-03 3.105282783508300781e-03
1.860260963439941406e-03 1.163780689239501953e-02
1.813530921936035156e-03 1.741975545883178711e-02
3.743171691894531250e-05 6.821155548095703125e-04
2.514600753784179688e-03 9.501457214355468750e-03
6.568670272827148438e-03 1.281988620758056641e-02
1.524209976196289062e-03 7.939517498016357422e-03
4.740834236145019531e-03 2.705645561218261719e-02
4.522800445556640625e-03 4.977226257324218750e-03
9.932875633239746094e-03 1.751255989074707031e-02
2.333283424377441406e-03 1.159787178039550781e-03
7.905960083007812500e-04 9.401559829711914062e-03
3.198981285095214844e-03 2.509081363677978516e-02
2.018690109252929688e-03 4.555225372314453125e-03
1.048684120178222656e-03 1.040613651275634766e-02
3.982782363891601562e-04 1.179695129394531250e-02
8.063316345214843750e-04 1.509189605712890625e-03
