4.541206359863281250e-02 1.409068107604980469e+00
5.808258056640625000e-01 8.156795501708984375e-01
7.602214813232421875e-02 1.954899311065673828e+00
6.953091621398925781e-01 1.886590480804443359e+00
1.603288650512695312e-01 3.551445007324218750e-01
5.499677658081054688e-01 3.856811523437500000e-01
8.077163696289062500e-01 2.263050079345703125e+00
4.598464965820312500e-01 5.018424987792968750e-02
2.456426620483398438e-01 1.668615341186523438e+00
3.793907165527343750e-01 4.018330574035644531e-01
2.436847686767578125e-01 1.435135841369628906e+00
6.698513031005859375e-01 5.470476150512695312e-01
7.487382888793945312e-01 6.224145889282226562e-01
4.493970870971679688e-01 1.768069744110107422e+00
1.540765762329101562e-01 1.457438468933105469e+00
7.641181945800781250e-01 1.176178932189941406e+00
9.655284881591796875e-01 7.381448745727539062e-01
8.594551086425781250e-01 1.349579811096191406e+00
5.624189376831054688e-01 9.220180511474609375e-01
1.687889099121093750e-01 1.527280807495117188e-01
1.481137275695800781e-01 8.565735816955566406e-01
7.007980346679687500e-02 2.128395557403564453e+00
3.945732116699218750e-02 2.095599174499511719e+00
9.525833129882812500e-01 6.222887039184570312e-01
2.113409042358398438e-01 4.758224487304687500e-01
1.083564758300781250e-02 5.720453262329101562e-01
3.589057922363281250e-01 1.327319145202636719e+00
2.241661548614501953e-01 4.599252223968505859e+00
2.250318527221679688e-01 1.986674308776855469e+00
2.074060440063476562e-01 1.418462753295898438e+00
6.780643463134765625e-01 4.660077095031738281e+00
3.912258148193359375e-01 7.391071319580078125e-02
1.511638164520263672e-01 2.068562507629394531e-01
2.170095443725585938e-01 1.312770843505859375e-01
5.395083427429199219e-01 7.885956764221191406e-01
2.226409912109375000e-01 7.471933364868164062e-01
3.464460372924804688e-01 2.456054687500000000e-01
2.531380653381347656e-01 8.163447380065917969e-01
1.186599731445312500e-01 1.502569198608398438e+00
4.436941146850585938e-01 3.608703613281250000e-02
1.905117034912109375e-01 1.529280662536621094e+00
1.128202438354492188e+00 3.107099533081054688e-01
1.016548156738281250e+00 3.163089752197265625e-01
