7.708668708801269531e-04 4.549086093902587891e-03
3.160357475280761719e-03 3.775537014007568359e-03
6.628632545471191406e-04 3.372728824615478516e-03
5.684643983840942383e-03 7.059276103973388672e-04
5.777627229690551758e-03 3.348261117935180664e-03
1.336932182312011719e-03 3.476053476333618164e-03
5.693733692169189453e-04 5.119025707244873047e-03
4.100322723388671875e-03 1.313954591751098633e-03
4.204809665679931641e-04 1.494973897933959961e-03
7.239758968353271484e-03 2.375245094299316406e-05
6.049871444702148438e-04 9.998977184295654297e-04
3.209650516510009766e-03 4.196971654891967773e-03
1.279830932617187500e-03 6.326377391815185547e-03
2.572625875473022461e-03 8.914887905120849609e-03
1.982480287551879883e-03 1.286762952804565430e-02
1.345634460449218750e-03 8.267402648925781250e-03
4.692077636718750000e-04 3.408402204513549805e-03
1.029521226882934570e-03 2.263933420181274414e-03
5.715489387512207031e-04 4.173785448074340820e-03
1.839399337768554688e-03 5.090862512588500977e-03
7.405847311019897461e-03 8.797854185104370117e-03
8.333325386047363281e-04 3.773570060729980469e-03
1.879960298538208008e-03 3.584146499633789062e-03
4.324555397033691406e-03 1.436620950698852539e-03
2.352774143218994141e-03 2.132147550582885742e-03
3.209114074707031250e-04 1.477688550949096680e-03
3.036558628082275391e-04 1.084119081497192383e-03
7.582187652587890625e-03 1.151114702224731445e-03
2.797275781631469727e-03 3.113627433776855469e-03
5.127161741256713867e-03 3.777652978897094727e-03
3.725051879882812500e-03 3.819197416305541992e-03
3.319650888442993164e-03 3.979772329330444336e-03
2.323359251022338867e-03 2.026289701461791992e-03
3.823041915893554688e-04 3.535747528076171875e-04
1.518040895462036133e-03 4.110544919967651367e-03
1.354515552520751953e-04 2.178192138671875000e-03
3.689825534820556641e-04 2.748548984527587891e-03
3.100574016571044922e-03 2.734452486038208008e-03
1.926955580711364746e-02 1.872879266738891602e-02
3.116160631179809570e-03 3.952085971832275391e-03
8.333325386047363281e-04 1.073986291885375977e-03
2.881616353988647461e-03 2.699583768844604492e-03
6.070733070373535156e-04 2.413481473922729492e-03
