2.255022525787353516e-03 9.153485298156738281e-04
4.577338695526123047e-04 4.712104797363281250e-03
9.004473686218261719e-04 5.320101976394653320e-03
1.657009124755859375e-04 9.002029895782470703e-03
4.453659057617187500e-04 2.846270799636840820e-03
5.778074264526367188e-04 4.345238208770751953e-03
1.331537961959838867e-03 4.634648561477661133e-03
1.446083188056945801e-02 1.895630359649658203e-02
2.435445785522460938e-04 1.361340284347534180e-03
1.303067803382873535e-02 1.581147313117980957e-02
1.468688249588012695e-03 5.066752433776855469e-03
5.316138267517089844e-04 1.362800598144531250e-03
1.594573259353637695e-03 1.718103885650634766e-03
1.192688941955566406e-04 8.935630321502685547e-04
1.242756843566894531e-03 5.850642919540405273e-03
2.192974090576171875e-03 4.322707653045654297e-03
2.950936555862426758e-03 3.275632858276367188e-03
2.319663763046264648e-03 3.632605075836181641e-03
2.826541662216186523e-03 3.053605556488037109e-03
4.995107650756835938e-03 1.214918494224548340e-02
2.570480108261108398e-03 1.517683267593383789e-02
1.629859209060668945e-03 2.177953720092773438e-03
1.958072185516357422e-03 4.812300205230712891e-03
1.646250486373901367e-03 3.256946802139282227e-03
2.522000670433044434e-02 2.961331605911254883e-02
7.349640130996704102e-03 3.363609313964843750e-03
1.807898283004760742e-03 3.241717815399169922e-03
7.988512516021728516e-04 1.515358686447143555e-03
4.830956459045410156e-03 1.158541440963745117e-02
1.096248626708984375e-03 5.046874284744262695e-03
3.885626792907714844e-04 7.240355014801025391e-03
1.145333051681518555e-03 7.202923297882080078e-04
1.354008913040161133e-03 2.716928720474243164e-03
5.621016025543212891e-03 3.790438175201416016e-03
1.306623220443725586e-03 6.095826625823974609e-03
4.066228866577148438e-04 1.351088285446166992e-03
6.247758865356445312e-04 2.856701612472534180e-03
3.112256526947021484e-04 5.045056343078613281e-03
1.060605049133300781e-03 4.357576370239257812e-03
3.275841474533081055e-03 5.788803100585937500e-03
5.055040121078491211e-03 2.396017313003540039e-03
1.031130552291870117e-03 2.576351165771484375e-03
1.015752553939819336e-03 6.030738353729248047e-03
