1.978468894958496094e+00 1.744803428649902344e+00
7.012605667114257812e-03 1.465204000473022461e+00
6.043157577514648438e-01 8.572578430175781250e-03
4.498376846313476562e-01 1.237650871276855469e+00
1.131167411804199219e-01 2.411580085754394531e-01
6.395897865295410156e-01 5.955791473388671875e-02
2.256386756896972656e+00 7.687314510345458984e+00
8.008749485015869141e-01 2.113733291625976562e+00
5.385313034057617188e-01 2.779808044433593750e-01
1.409796714782714844e+00 5.587329864501953125e-01
5.680656433105468750e-02 1.791086196899414062e+00
1.116940021514892578e+00 5.342335700988769531e-01
6.595804691314697266e-01 1.309758186340332031e+00
6.097519397735595703e-01 6.631598472595214844e+00
6.416101455688476562e-01 3.188381195068359375e-01
1.639986038208007812e-02 5.043657302856445312e+00
6.827545166015625000e-02 7.405977249145507812e-01
1.184947013854980469e+00 1.124492883682250977e+00
6.898431777954101562e-01 1.253774642944335938e+00
1.614665985107421875e-02 9.088602066040039062e-01
2.555122375488281250e-01 7.389173507690429688e-01
5.523834228515625000e-01 1.763048171997070312e-01
1.389684677124023438e-01 1.121154785156250000e+00
7.989832162857055664e-01 2.442439794540405273e+00
7.790184020996093750e-01 6.292681694030761719e-01
3.161973953247070312e-01 1.672640800476074219e+00
1.161127567291259766e+00 2.969422340393066406e-01
6.569890975952148438e-01 1.046876907348632812e+00
3.362379074096679688e-01 1.316387176513671875e+00
2.242374420166015625e-02 1.472473144531250000e-01
9.709196090698242188e-01 2.475480318069458008e+00
3.401641845703125000e-01 1.262134552001953125e+00
5.226325988769531250e-02 3.644952774047851562e-01
3.822307586669921875e-01 2.498559951782226562e-01
1.313958168029785156e+01 6.395760536193847656e+00
2.172355651855468750e-01 1.099704742431640625e+00
2.487735748291015625e-01 1.146483421325683594e+00
8.179664611816406250e-03 9.408473968505859375e-01
2.187776565551757812e-01 5.564308166503906250e-02
6.387987136840820312e-01 7.224273681640625000e-01
7.510242462158203125e-01 8.044157028198242188e-01
1.691761016845703125e-01 1.044123649597167969e+00
6.057558059692382812e-01 7.327280044555664062e-01
