2.209365367889404297e-03 4.586040973663330078e-03
1.520603895187377930e-03 1.593351364135742188e-03
1.161634922027587891e-03 1.720428466796875000e-03
3.759562969207763672e-03 2.180635929107666016e-04
1.364827156066894531e-03 6.099045276641845703e-04
8.080899715423583984e-04 1.025718450546264648e-02
3.635466098785400391e-03 8.236765861511230469e-04
2.368292212486267090e-02 1.782533526420593262e-02
2.753168344497680664e-03 4.855692386627197266e-03
1.994022727012634277e-02 1.877576112747192383e-02
1.985788345336914062e-03 1.168957352638244629e-02
8.627772331237792969e-04 3.751963376998901367e-03
1.533627510070800781e-03 1.516520977020263672e-03
1.745879650115966797e-03 2.671301364898681641e-03
1.576542854309082031e-04 1.381307840347290039e-03
2.757489681243896484e-03 2.351224422454833984e-03
8.276998996734619141e-04 6.464660167694091797e-03
1.980096101760864258e-03 1.799046993255615234e-03
1.604616641998291016e-03 2.132952213287353516e-04
1.404732465744018555e-03 2.471297979354858398e-03
1.295119524002075195e-02 1.346608996391296387e-02
6.294071674346923828e-03 1.757386326789855957e-02
1.655220985412597656e-04 3.400892019271850586e-03
3.336191177368164062e-03 5.015045404434204102e-03
1.508444547653198242e-03 1.835137605667114258e-03
9.739100933074951172e-04 5.996763706207275391e-03
3.413617610931396484e-03 9.597837924957275391e-04
7.267296314239501953e-03 1.793384552001953125e-02
5.531609058380126953e-04 1.502901315689086914e-03
5.350172519683837891e-03 1.254737377166748047e-03
3.179758787155151367e-03 1.679688692092895508e-03
8.327960968017578125e-04 6.900250911712646484e-03
1.283735036849975586e-03 3.609150648117065430e-03
8.194148540496826172e-04 2.941161394119262695e-03
6.154537200927734375e-03 1.161846518516540527e-02
3.383755683898925781e-03 9.967982769012451172e-04
8.542239665985107422e-04 1.165688037872314453e-03
1.135349273681640625e-03 3.075808286666870117e-03
8.185505867004394531e-04 1.732498407363891602e-03
1.983046531677246094e-04 3.237515687942504883e-03
6.025701761245727539e-03 5.707174539566040039e-03
2.991855144500732422e-03 4.648655652999877930e-03
8.777379989624023438e-04 3.276318311691284180e-03
