7.592082023620605469e-03 2.339792251586914062e-02
6.200075149536132812e-04 6.271600723266601562e-04
3.150224685668945312e-03 9.589314460754394531e-03
8.398294448852539062e-04 7.616281509399414062e-03
2.430438995361328125e-03 1.056885719299316406e-02
1.522183418273925781e-03 1.535415649414062500e-03
6.127953529357910156e-03 1.130783557891845703e-02
1.599788665771484375e-03 7.404088973999023438e-03
5.468010902404785156e-03 1.032280921936035156e-02
4.333019256591796875e-03 4.034280776977539062e-03
4.602909088134765625e-03 5.144596099853515625e-03
1.622438430786132812e-04 1.230669021606445312e-02
1.701593399047851562e-03 5.573809146881103516e-03
8.400321006774902344e-03 9.361743927001953125e-03
4.159092903137207031e-03 1.267981529235839844e-02
2.216219902038574219e-03 1.408016681671142578e-02
9.566545486450195312e-04 1.818251609802246094e-02
1.574838161468505859e-02 2.217841148376464844e-02
9.568929672241210938e-04 2.232909202575683594e-03
8.971691131591796875e-04 4.711866378784179688e-03
2.975583076477050781e-03 1.273226737976074219e-02
1.019358634948730469e-03 1.082652807235717773e-02
1.248919963836669922e-02 7.672429084777832031e-03
6.070137023925781250e-03 6.697654724121093750e-03
1.152408123016357422e-02 2.138435840606689453e-02
9.760856628417968750e-04 1.770377159118652344e-02
2.119183540344238281e-03 2.359735965728759766e-02
6.654977798461914062e-03 1.542925834655761719e-03
4.577636718750000000e-05 1.031112670898437500e-02
2.820372581481933594e-03 4.920721054077148438e-03
1.848697662353515625e-03 5.878090858459472656e-03
1.199829578399658203e-02 5.729317665100097656e-03
2.259373664855957031e-03 9.492278099060058594e-03
1.702308654785156250e-04 5.524754524230957031e-03
4.941463470458984375e-03 1.209187507629394531e-02
1.446366310119628906e-03 1.221251487731933594e-02
3.099441528320312500e-06 5.116939544677734375e-03
8.581042289733886719e-03 2.546072006225585938e-03
3.251194953918457031e-03 9.689807891845703125e-03
4.679441452026367188e-03 2.621829509735107422e-02
1.592993736267089844e-03 3.663182258605957031e-03
2.184271812438964844e-03 9.271621704101562500e-03
1.636862754821777344e-03 7.725358009338378906e-03
