1.282501220703125000e-02 2.116012573242187500e-02
4.347991943359375000e-02 1.791763305664062500e-02
7.686614990234375000e-03 1.766204833984375000e-02
2.854919433593750000e-02 1.430511474609375000e-02
8.201599121093750000e-02 1.022415161132812500e-01
4.328536987304687500e-02 4.436492919921875000e-03
4.100799560546875000e-03 3.081130981445312500e-02
8.209991455078125000e-02 2.387619018554687500e-02
5.226516723632812500e-02 1.150741577148437500e-01
2.820587158203125000e-02 1.175689697265625000e-02
4.314041137695312500e-02 2.139282226562500000e-02
3.168106079101562500e-02 3.782272338867187500e-02
4.954528808593750000e-02 4.439544677734375000e-02
5.015563964843750000e-02 2.349853515625000000e-03
5.016326904296875000e-02 1.238250732421875000e-02
6.127548217773437500e-02 3.363800048828125000e-02
1.068878173828125000e-02 7.461547851562500000e-03
1.612091064453125000e-02 4.492568969726562500e-02
9.075164794921875000e-03 5.095291137695312500e-02
4.390335083007812500e-02 2.165603637695312500e-02
1.335144042968750000e-04 3.475189208984375000e-02
3.005981445312500000e-02 3.612899780273437500e-02
4.462051391601562500e-02 3.587341308593750000e-02
4.110336303710937500e-02 1.813888549804687500e-02
2.257156372070312500e-02 2.069473266601562500e-02
1.635742187500000000e-02 2.163810729980468750e-01
3.036499023437500000e-03 2.542877197265625000e-02
2.515029907226562500e-02 4.584884643554687500e-02
4.203796386718750000e-03 2.631378173828125000e-02
8.529663085937500000e-03 3.451156616210937500e-02
2.066040039062500000e-02 1.022377014160156250e-01
3.373336791992187500e-02 1.118850708007812500e-02
3.370666503906250000e-02 3.292465209960937500e-02
1.150512695312500000e-02 3.051757812500000000e-05
3.211975097656250000e-03 5.675125122070312500e-02
3.939819335937500000e-02 2.498626708984375000e-03
1.292419433593750000e-02 2.769470214843750000e-03
4.563903808593750000e-02 1.235961914062500000e-03
5.173492431640625000e-02 8.922576904296875000e-03
2.708816528320312500e-02 2.513885498046875000e-03
3.062438964843750000e-02 4.664230346679687500e-02
3.543472290039062500e-02 1.561737060546875000e-02
2.100372314453125000e-02 4.212951660156250000e-02
