2.872943878173828125e-05 1.722812652587890625e-03
2.677142620086669922e-04 4.258155822753906250e-04
9.582638740539550781e-04 4.764974117279052734e-03
2.421140670776367188e-03 2.249240875244140625e-03
8.243322372436523438e-05 9.795069694519042969e-03
5.257129669189453125e-04 1.279145479202270508e-03
3.507494926452636719e-03 5.355030298233032227e-03
1.050657033920288086e-02 1.765936613082885742e-02
8.364021778106689453e-04 1.735925674438476562e-03
4.612505435943603516e-04 1.340150833129882812e-03
6.734132766723632812e-04 1.448571681976318359e-03
9.341835975646972656e-04 4.980623722076416016e-03
2.112954854965209961e-03 2.891719341278076172e-04
2.379029989242553711e-03 2.882182598114013672e-04
3.277361392974853516e-04 1.177340745925903320e-03
1.854717731475830078e-03 1.117587089538574219e-05
2.304971218109130859e-03 2.239048480987548828e-03
5.931556224822998047e-04 2.511382102966308594e-03
2.773702144622802734e-04 3.061980009078979492e-03
9.911656379699707031e-04 5.847394466400146484e-03
4.620760679244995117e-03 9.997487068176269531e-04
3.242492675781250000e-04 2.350956201553344727e-03
3.346323966979980469e-03 5.288362503051757812e-03
3.409653902053833008e-03 6.328910589218139648e-03
1.371979713439941406e-03 1.714050769805908203e-03
2.227425575256347656e-03 1.790881156921386719e-03
2.384155988693237305e-03 3.025949001312255859e-03
2.040654420852661133e-03 3.481477499008178711e-03
2.667367458343505859e-03 2.239048480987548828e-04
6.132721900939941406e-04 6.669878959655761719e-03
2.790540456771850586e-03 1.007288694381713867e-02
1.358240842819213867e-03 1.097846031188964844e-02
1.691877841949462891e-03 7.108718156814575195e-03
5.370318889617919922e-03 2.796173095703125000e-03
5.681842565536499023e-03 3.104746341705322266e-03
2.150595188140869141e-03 4.140079021453857422e-03
1.096248626708984375e-03 1.121270656585693359e-02
1.180320978164672852e-03 1.919716596603393555e-03
3.701776266098022461e-03 7.421970367431640625e-04
6.968528032302856445e-03 1.555234193801879883e-03
9.535133838653564453e-03 7.520586252212524414e-03
1.091599464416503906e-03 2.355188131332397461e-03
8.313059806823730469e-04 8.197784423828125000e-03
