9.990572929382324219e-03 1.418113708496093750e-03
3.019690513610839844e-03 6.011843681335449219e-03
1.260995864868164062e-03 7.043361663818359375e-03
2.352237701416015625e-03 1.714396476745605469e-02
1.656532287597656250e-03 6.615340709686279297e-03
3.792405128479003906e-03 5.355715751647949219e-03
9.224414825439453125e-04 1.812827587127685547e-02
1.122856140136718750e-02 3.079533576965332031e-03
4.885196685791015625e-04 1.886844635009765625e-03
1.939654350280761719e-03 6.130099296569824219e-03
2.912402153015136719e-03 9.645223617553710938e-03
1.225817203521728516e-02 2.000057697296142578e-02
2.059698104858398438e-03 2.262914180755615234e-02
8.121728897094726562e-04 2.952396869659423828e-03
2.517580986022949219e-03 8.683443069458007812e-03
7.537007331848144531e-03 1.840198040008544922e-02
3.284215927124023438e-04 9.513497352600097656e-03
6.303787231445312500e-04 1.894682645797729492e-02
3.030776977539062500e-03 1.138710975646972656e-02
2.833604812622070312e-03 2.391457557678222656e-03
1.474857330322265625e-03 1.988530158996582031e-03
1.035571098327636719e-03 1.268696784973144531e-02
1.148927211761474609e-02 3.150343894958496094e-03
2.813339233398437500e-04 7.706284523010253906e-03
6.245374679565429688e-03 1.979029178619384766e-02
3.794193267822265625e-03 5.002021789550781250e-03
2.581000328063964844e-03 6.523251533508300781e-03
1.793026924133300781e-03 5.512237548828125000e-03
1.138210296630859375e-03 1.400899887084960938e-02
4.423737525939941406e-03 4.057407379150390625e-03
2.589702606201171875e-03 9.786844253540039062e-03
8.921384811401367188e-03 1.480436325073242188e-02
1.334488391876220703e-02 7.792234420776367188e-03
3.365159034729003906e-03 3.243446350097656250e-03
5.759000778198242188e-04 1.062393188476562500e-03
2.796649932861328125e-04 1.398956775665283203e-02
4.134178161621093750e-04 8.296251296997070312e-03
3.646612167358398438e-04 1.405972242355346680e-02
4.173278808593750000e-03 3.214001655578613281e-03
3.196716308593750000e-03 6.101846694946289062e-03
5.176901817321777344e-03 1.354682445526123047e-02
6.307125091552734375e-03 2.128350734710693359e-02
3.031492233276367188e-04 4.363894462585449219e-03
