4.507005214691162109e-03 2.590000629425048828e-03
3.922790288925170898e-03 9.697079658508300781e-04
1.765072345733642578e-03 4.253596067428588867e-03
5.705028772354125977e-03 7.797181606292724609e-04
2.108216285705566406e-04 4.509866237640380859e-03
3.595739603042602539e-03 1.334249973297119141e-03
3.734827041625976562e-04 7.345080375671386719e-04
5.538165569305419922e-04 6.630718708038330078e-04
9.804964065551757812e-05 5.592197179794311523e-03
1.988261938095092773e-03 1.269340515136718750e-03
1.203268766403198242e-03 2.283245325088500977e-03
4.675656557083129883e-03 6.446242332458496094e-03
2.483576536178588867e-03 2.430438995361328125e-03
3.175169229507446289e-03 6.025284528732299805e-03
7.032155990600585938e-04 1.341435313224792480e-02
1.274913549423217773e-02 2.214813232421875000e-02
2.622157335281372070e-03 5.953609943389892578e-03
3.666877746582031250e-04 1.684904098510742188e-03
2.699941396713256836e-03 4.217922687530517578e-04
2.835690975189208984e-04 1.184105873107910156e-03
5.917549133300781250e-04 9.194612503051757812e-04
4.664510488510131836e-03 2.238485217094421387e-02
4.385203123092651367e-03 5.077987909317016602e-03
4.280149936676025391e-03 6.554305553436279297e-03
3.287404775619506836e-03 2.323716878890991211e-03
4.123479127883911133e-03 5.631655454635620117e-03
1.682341098785400391e-04 5.205035209655761719e-03
9.924769401550292969e-04 3.070145845413208008e-03
5.480647087097167969e-04 1.004785299301147461e-03
2.154782414436340332e-02 1.892215013504028320e-02
5.216836929321289062e-03 5.788832902908325195e-03
2.278298139572143555e-03 3.211855888366699219e-03
7.974386215209960938e-03 2.110272645950317383e-03
1.671731472015380859e-03 1.434028148651123047e-03
1.300126314163208008e-03 1.469522714614868164e-03
1.827716827392578125e-03 3.898024559020996094e-03
2.371966838836669922e-03 5.583465099334716797e-04
1.883715391159057617e-03 1.896083354949951172e-03
3.395199775695800781e-03 2.487570047378540039e-03
4.012882709503173828e-03 6.853938102722167969e-04
4.244923591613769531e-03 1.507532596588134766e-02
4.914104938507080078e-04 1.446932554244995117e-03
3.795653581619262695e-03 5.344450473785400391e-04
