4.494547843933105469e-03 6.177067756652832031e-03
6.392359733581542969e-03 1.349794864654541016e-02
1.307725906372070312e-04 9.833097457885742188e-03
2.769470214843750000e-03 5.083799362182617188e-03
2.228140830993652344e-03 5.359768867492675781e-03
2.243518829345703125e-04 1.340413093566894531e-02
7.429599761962890625e-03 3.396749496459960938e-03
2.284049987792968750e-04 1.834088563919067383e-02
1.739025115966796875e-03 6.814539432525634766e-03
1.891016960144042969e-03 9.348869323730468750e-03
3.669977188110351562e-03 3.920078277587890625e-03
9.736657142639160156e-03 9.098052978515625000e-04
2.335071563720703125e-03 6.772279739379882812e-03
1.549720764160156250e-03 1.840496063232421875e-02
8.410215377807617188e-04 8.183717727661132812e-04
3.396391868591308594e-03 5.695819854736328125e-03
7.656812667846679688e-04 7.215619087219238281e-03
1.918315887451171875e-03 3.978967666625976562e-03
2.850174903869628906e-03 7.161736488342285156e-03
5.162119865417480469e-03 8.167505264282226562e-03
2.594351768493652344e-03 1.636821031570434570e-02
1.357674598693847656e-03 2.322018146514892578e-02
2.326011657714843750e-03 1.242780685424804688e-02
2.574443817138671875e-03 4.756927490234375000e-03
3.016948699951171875e-03 9.483933448791503906e-03
1.066923141479492188e-04 7.440626621246337891e-03
5.328655242919921875e-05 4.440665245056152344e-03
4.367709159851074219e-03 6.813049316406250000e-03
1.470923423767089844e-03 2.388000488281250000e-03
1.418709754943847656e-03 5.457937717437744141e-03
2.543926239013671875e-03 5.023002624511718750e-03
1.477563381195068359e-02 2.438187599182128906e-03
4.949927330017089844e-03 5.494594573974609375e-03
2.169370651245117188e-03 3.332138061523437500e-03
2.638101577758789062e-04 3.546714782714843750e-03
1.844167709350585938e-04 1.709699630737304688e-03
3.099083900451660156e-03 8.825540542602539062e-03
2.621412277221679688e-04 6.887078285217285156e-03
7.109642028808593750e-04 1.744735240936279297e-02
2.515077590942382812e-03 6.189346313476562500e-04
1.622796058654785156e-03 3.378629684448242188e-03
1.143336296081542969e-03 2.029430866241455078e-02
4.413723945617675781e-03 1.178884506225585938e-02
