4.828095436096191406e-01 9.401535987854003906e-01
6.388835906982421875e-01 8.071002960205078125e-01
6.355695724487304688e-01 2.458047866821289062e-01
8.039397001266479492e-01 4.143572807312011719e+00
2.682523727416992188e-01 1.328298568725585938e+00
1.369204521179199219e-01 3.417658805847167969e-01
5.598449707031250000e-02 1.534442901611328125e+00
5.697650909423828125e-01 1.738381385803222656e+00
2.414655685424804688e-02 1.345944404602050781e-01
1.145146131515502930e+00 7.551870822906494141e+00
3.146333694458007812e-01 4.182662963867187500e-01
3.058662414550781250e-01 8.582305908203125000e-01
2.964687347412109375e-02 1.500043869018554688e-01
2.075386047363281250e-02 1.493475914001464844e+00
1.658439636230468750e-02 2.215938568115234375e-01
7.570300102233886719e-01 5.943522453308105469e-01
7.097721099853515625e-02 1.116536140441894531e+00
1.286134719848632812e-01 1.416303634643554688e+00
4.333016872406005859e-01 1.575400590896606445e+00
5.742740631103515625e-01 9.556512832641601562e-01
1.713619232177734375e-01 7.699389457702636719e-01
2.657566070556640625e-01 3.827795982360839844e+00
5.455923080444335938e-01 5.983686447143554688e-01
6.887521743774414062e-01 5.433502197265625000e-01
3.936933040618896484e+00 1.390232563018798828e+01
1.763975620269775391e-01 2.346323966979980469e+00
5.682945251464843750e-03 3.147840499877929688e-01
2.792425155639648438e-01 1.601219177246093750e-01
4.788479804992675781e-01 2.674007415771484375e-01
2.091693878173828125e-01 2.444285392761230469e+00
5.959987640380859375e-02 5.689935684204101562e-01
4.076099395751953125e-02 2.469768524169921875e-01
4.643735885620117188e-01 1.185257911682128906e+00
5.827074050903320312e-01 8.880033493041992188e-01
7.818689346313476562e-01 9.850692749023437500e-01
8.150196075439453125e-02 1.594276428222656250e-01
3.603534698486328125e-01 2.097892761230468750e-01
5.333771705627441406e-01 9.350659370422363281e+00
4.276981353759765625e-01 2.302186012268066406e+00
4.296970367431640625e-01 9.271545410156250000e-01
2.006597518920898438e-01 1.447831153869628906e+00
7.454383373260498047e-02 5.436902046203613281e+00
7.896165847778320312e-01 1.255936622619628906e+00
