4.279575347900390625e-01 1.360869407653808594e+00
1.373777389526367188e-01 1.762716293334960938e+00
1.712049484252929688e+00 4.117050170898437500e-01
2.941074371337890625e-01 8.865594863891601562e-01
4.639358520507812500e-01 2.000504493713378906e+00
4.332380294799804688e-01 1.455673217773437500e+00
6.055631637573242188e-01 1.811144828796386719e+00
5.361671447753906250e-01 3.246265411376953125e+00
5.040950775146484375e-01 7.926158905029296875e-01
1.464672088623046875e-01 8.838701248168945312e-02
1.211685180664062500e+00 6.019210815429687500e-01
6.240968704223632812e-01 1.885701179504394531e+00
2.248114347457885742e+00 1.517215728759765625e+00
9.285097122192382812e-01 9.524021148681640625e-01
9.903354644775390625e-01 1.513565063476562500e+00
2.431831359863281250e-01 1.570858955383300781e+00
6.583700180053710938e-01 1.062077522277832031e+00
4.992361068725585938e-01 2.239375114440917969e+00
1.315612792968750000e-01 1.370239257812500000e-01
1.198302268981933594e+00 4.909159660339355469e+00
7.700285911560058594e-01 8.542470932006835938e-01
5.295000076293945312e-01 3.299045562744140625e-01
1.519484996795654297e+00 7.915735244750976562e-01
2.440958023071289062e-01 1.377357482910156250e+00
2.863025665283203125e-01 2.824401855468750000e-01
5.193929672241210938e-01 7.182517051696777344e-01
4.122898578643798828e-01 1.181466341018676758e+00
6.204204559326171875e-01 1.863192558288574219e+00
7.172489166259765625e-02 8.487704277038574219e+00
7.576832771301269531e-01 1.158630847930908203e+00
3.438005447387695312e-01 1.211974143981933594e+00
6.783618927001953125e-01 1.213932037353515625e-02
2.606010437011718750e-01 1.835774421691894531e+00
9.290752410888671875e-01 6.568431854248046875e-01
5.052595138549804688e-01 1.544160842895507812e+00
1.483774185180664062e-02 1.181915283203125000e+00
3.788404464721679688e-01 1.771556854248046875e+00
1.235733032226562500e-01 1.083699226379394531e+00
4.753065109252929688e-01 1.727595329284667969e+00
1.592731475830078125e-02 2.090768814086914062e+00
3.165502548217773438e-01 5.864219665527343750e-01
1.242313385009765625e-01 2.353436470031738281e+00
3.349685668945312500e-02 1.202204704284667969e+00
