1.557022333145141602e-03 4.577368497848510742e-03
4.016160964965820312e-03 1.498460769653320312e-03
4.876792430877685547e-03 8.019506931304931641e-03
3.525018692016601562e-04 4.441738128662109375e-03
7.739335298538208008e-03 7.361173629760742188e-06
2.157986164093017578e-03 4.064410924911499023e-03
8.401870727539062500e-04 1.415640115737915039e-03
6.166100502014160156e-05 2.266347408294677734e-03
2.958714962005615234e-03 1.169830560684204102e-03
1.886963844299316406e-03 5.343675613403320312e-03
9.503960609436035156e-05 1.264721155166625977e-03
1.958131790161132812e-03 5.262583494186401367e-03
5.500912666320800781e-03 8.538365364074707031e-05
1.733899116516113281e-04 3.041326999664306641e-03
1.975893974304199219e-04 1.583248376846313477e-03
4.868775606155395508e-03 2.058416604995727539e-03
1.406103372573852539e-03 3.835111856460571289e-03
5.344361066818237305e-03 2.704232931137084961e-03
1.098304986953735352e-03 5.555182695388793945e-03
2.419739961624145508e-03 1.125812530517578125e-03
6.544291973114013672e-04 1.431554555892944336e-03
6.823152303695678711e-03 6.881058216094970703e-04
3.599822521209716797e-03 8.155018091201782227e-03
4.616886377334594727e-03 1.780295372009277344e-02
1.839399337768554688e-03 4.124879837036132812e-03
8.007884025573730469e-04 1.381248235702514648e-03
1.000642776489257812e-03 3.852516412734985352e-03
7.194042205810546875e-03 1.426294445991516113e-02
9.507536888122558594e-04 6.883323192596435547e-03
2.604722976684570312e-04 2.007126808166503906e-03
6.843924522399902344e-03 3.324449062347412109e-04
2.935498952865600586e-03 8.538663387298583984e-04
3.336966037750244141e-03 4.251480102539062500e-03
2.597928047180175781e-03 1.835286617279052734e-03
1.216608285903930664e-02 1.117342710494995117e-02
3.858506679534912109e-04 1.490086317062377930e-03
1.334697008132934570e-03 1.261055469512939453e-03
7.188022136688232422e-04 4.417598247528076172e-04
1.107820868492126465e-02 6.442904472351074219e-03
2.033412456512451172e-04 1.776784658432006836e-03
9.232759475708007812e-05 8.087456226348876953e-04
5.346864461898803711e-03 9.866088628768920898e-03
1.222103834152221680e-03 2.021580934524536133e-03
