1.025021076202392578e-03 5.416482686996459961e-03
1.517653465270996094e-03 1.459181308746337891e-03
3.013551235198974609e-03 1.839756965637207031e-03
2.350509166717529297e-03 1.552700996398925781e-03
3.866612911224365234e-03 4.548728466033935547e-04
2.812266349792480469e-03 8.960962295532226562e-04
1.960188150405883789e-03 6.730258464813232422e-04
2.823144197463989258e-03 1.844060420989990234e-02
4.077464342117309570e-03 5.870968103408813477e-03
5.144149065017700195e-03 1.287549734115600586e-03
3.474473953247070312e-03 1.714557409286499023e-03
1.588517427444458008e-02 1.959735155105590820e-02
2.229392528533935547e-03 1.941412687301635742e-03
5.346328020095825195e-03 2.303183078765869141e-03
2.206087112426757812e-03 2.835839986801147461e-03
1.806706190109252930e-03 4.012286663055419922e-04
1.757115125656127930e-03 3.008842468261718750e-04
3.331303596496582031e-04 5.162924528121948242e-03
4.012763500213623047e-03 1.203328371047973633e-03
3.375053405761718750e-03 1.505047082901000977e-03
2.662986516952514648e-03 2.463728189468383789e-03
3.033399581909179688e-03 3.408104181289672852e-03
1.903712749481201172e-03 4.912614822387695312e-04
4.535615444183349609e-03 7.369309663772583008e-03
2.241164445877075195e-03 2.454757690429687500e-03
3.191828727722167969e-05 1.945048570632934570e-03
4.169672727584838867e-03 5.667209625244140625e-04
1.789003610610961914e-03 1.553529500961303711e-02
6.071627140045166016e-04 2.025604248046875000e-03
3.075540065765380859e-03 2.536147832870483398e-03
1.252710819244384766e-03 3.290563821792602539e-03
5.750060081481933594e-04 3.550201654434204102e-03
2.172231674194335938e-03 1.688927412033081055e-03
3.080219030380249023e-03 1.314193010330200195e-03
8.381009101867675781e-04 1.074463129043579102e-03
3.482997417449951172e-04 9.664893150329589844e-04
1.631766557693481445e-03 5.742311477661132812e-03
3.467112779617309570e-03 1.273125410079956055e-03
4.437685012817382812e-03 2.376437187194824219e-04
1.405328512191772461e-03 3.982961177825927734e-03
8.473694324493408203e-04 2.132445573806762695e-03
3.371208906173706055e-03 4.532784223556518555e-03
2.257168292999267578e-03 2.131253480911254883e-03
