2.627480030059814453e-02 2.384185791015625000e-07
3.138494491577148438e-02 5.960464477539062500e-07
1.342346072196960449e-01 2.325214147567749023e-01
1.016747951507568359e-02 7.152557373046875000e-07
1.299107074737548828e-02 4.768371582031250000e-07
2.006065845489501953e-02 1.192092895507812500e-07
2.375924587249755859e-02 4.217565059661865234e-03
5.056023597717285156e-03 1.311302185058593750e-06
1.270008087158203125e-02 1.225560903549194336e-02
4.990291595458984375e-02 1.311302185058593750e-06
1.734049320220947266e-01 1.812760233879089355e-01
1.112461686134338379e-01 1.804743409156799316e-01
3.693115711212158203e-02 6.921428442001342773e-02
5.448770523071289062e-02 6.017410755157470703e-02
2.594459056854248047e-02 1.746714115142822266e-03
7.183432579040527344e-03 1.192092895507812500e-07
4.281723499298095703e-02 4.109102487564086914e-02
1.572076082229614258e-01 2.690261006355285645e-01
1.106917858123779297e-02 1.668930053710937500e-06
1.878285408020019531e-02 4.534518718719482422e-02
2.678954601287841797e-02 1.746714115142822266e-03
6.434798240661621094e-03 5.743324756622314453e-03
2.461886405944824219e-02 2.231657505035400391e-03
2.840995788574218750e-02 9.536743164062500000e-07
1.503258943557739258e-01 1.247662305831909180e-01
1.643685102462768555e-01 2.853824496269226074e-01
1.977300643920898438e-02 4.534518718719482422e-02
6.460285186767578125e-02 1.344783306121826172e-01
1.429049968719482422e-01 2.512076497077941895e-01
4.684805870056152344e-03 1.950544118881225586e-02
1.472998261451721191e-01 8.344650268554687500e-07
1.743841171264648438e-02 1.192092895507812500e-07
6.459951400756835938e-03 3.364497423171997070e-02
3.561311960220336914e-02 8.344650268554687500e-07
1.498115062713623047e-02 3.855508565902709961e-02
1.639568209648132324e-01 3.576278686523437500e-07
2.659046649932861328e-02 1.892030239105224609e-02
4.952752590179443359e-02 7.146745920181274414e-02
6.068229675292968750e-03 1.668930053710937500e-06
2.735257148742675781e-02 9.536743164062500000e-07
2.669489383697509766e-02 7.152557373046875000e-07
1.048895120620727539e-01 7.152557373046875000e-07
1.127204895019531250e-01 8.344650268554687500e-07
