2.638638019561767578e-03 7.253885269165039062e-03
5.174070596694946289e-03 5.090534687042236328e-04
2.511143684387207031e-04 1.012057065963745117e-03
2.883076667785644531e-04 2.267897129058837891e-03
1.047790050506591797e-03 1.515448093414306641e-04
5.041658878326416016e-04 1.690089702606201172e-03
2.121448516845703125e-03 5.027234554290771484e-03
4.088729619979858398e-03 6.408989429473876953e-04
6.622672080993652344e-04 1.132774353027343750e-02
2.302527427673339844e-04 1.791357994079589844e-03
3.311783075332641602e-03 1.436650753021240234e-02
3.083646297454833984e-04 2.870500087738037109e-03
2.963244915008544922e-03 2.990990877151489258e-03
6.559461355209350586e-03 6.602048873901367188e-03
3.191202878952026367e-03 4.455745220184326172e-04
1.279413700103759766e-04 7.363528013229370117e-03
1.787871122360229492e-03 1.234114170074462891e-03
1.139312982559204102e-03 7.764697074890136719e-04
1.871287822723388672e-04 1.136672496795654297e-02
9.754300117492675781e-05 4.055351018905639648e-03
1.769900321960449219e-03 1.087531447410583496e-02
2.205997705459594727e-03 5.052506923675537109e-03
2.861827611923217773e-03 7.496744394302368164e-03
1.716494560241699219e-03 1.022487878799438477e-03
7.332563400268554688e-04 2.902567386627197266e-03
3.079473972320556641e-04 5.383789539337158203e-04
4.140347242355346680e-03 3.811031579971313477e-03
1.889973878860473633e-03 2.053499221801757812e-03
3.972679376602172852e-03 1.113140583038330078e-02
4.306435585021972656e-04 4.027038812637329102e-03
2.827346324920654297e-03 1.040935516357421875e-03
4.302561283111572266e-04 9.940564632415771484e-04
4.349052906036376953e-04 1.542985439300537109e-03
3.248751163482666016e-04 1.678586006164550781e-03
6.054341793060302734e-04 3.119289875030517578e-03
2.811968326568603516e-03 2.714961767196655273e-03
1.298844814300537109e-03 1.976460218429565430e-03
1.019865274429321289e-03 2.197116613388061523e-03
2.700388431549072266e-04 3.268778324127197266e-03
2.619028091430664062e-04 1.773238182067871094e-04
2.405345439910888672e-03 2.052783966064453125e-04
7.573068141937255859e-04 1.083222031593322754e-02
1.420319080352783203e-03 9.824633598327636719e-04
