6.288814544677734375e-02 4.009518623352050781e+00
2.468490600585937500e-01 1.054819107055664062e+00
5.454463958740234375e-01 2.646989822387695312e-01
6.546783447265625000e-02 2.662565231323242188e+00
8.717536926269531250e-03 1.800943851470947266e+00
7.788758277893066406e-01 1.848183155059814453e+00
3.098802566528320312e-01 2.136799812316894531e+00
1.314496994018554688e-01 8.860530853271484375e-01
4.514908790588378906e-01 8.668760299682617188e+00
8.585309982299804688e-01 8.459901809692382812e-01
1.096153259277343750e-01 1.959003448486328125e+00
7.682399749755859375e-01 6.222362518310546875e-01
1.101160049438476562e-01 1.390287399291992188e+00
4.318523406982421875e-02 1.827928066253662109e+00
5.810089111328125000e-01 4.660663604736328125e-01
3.227195739746093750e-01 1.886285781860351562e+00
8.726730346679687500e-01 1.295355796813964844e+00
8.844852447509765625e-02 1.406879425048828125e-01
5.173101425170898438e-01 1.465726852416992188e+00
4.157943725585937500e-01 1.557012557983398438e+00
8.438634872436523438e-01 1.047461509704589844e+00
3.621282577514648438e-01 5.203781127929687500e-01
5.736684799194335938e-01 4.625329971313476562e-01
8.456127643585205078e-01 1.303462266921997070e+00
2.056264877319335938e-01 1.424713134765625000e-01
8.180809020996093750e-01 7.341289520263671875e-01
8.747043609619140625e-01 1.267695426940917969e-01
2.577018737792968750e-01 1.419580459594726562e+00
3.005447387695312500e-01 6.689934730529785156e-01
1.780242919921875000e-01 4.169939994812011719e+00
9.008750915527343750e-01 1.075501441955566406e+00
4.072469472885131836e-01 4.274283409118652344e+00
5.076036453247070312e-01 1.719235420227050781e+00
1.385545730590820312e-02 5.780748844146728516e+00
1.580362319946289062e-01 3.632450103759765625e-02
9.402570724487304688e-01 1.308639526367187500e+00
4.265623092651367188e-01 3.445291519165039062e-01
3.603115081787109375e-01 2.568368911743164062e-01
2.561445236206054688e-01 1.703175544738769531e+00
2.856545448303222656e-01 3.434977531433105469e-01
2.069520950317382812e-01 1.411861419677734375e+00
9.735116958618164062e-01 7.184190750122070312e-01
7.319793701171875000e-01 7.939844131469726562e-01
