6.751771926879882812e+00 1.360625076293945312e+01
1.650524139404296875e-02 5.142660140991210938e-01
4.343914985656738281e-01 3.781399726867675781e-01
6.408405303955078125e-02 3.279285430908203125e-01
3.174839019775390625e-01 1.660388946533203125e+00
4.200840592384338379e-01 5.126227378845214844e+00
4.622197151184082031e-02 1.144021511077880859e+00
3.246707916259765625e-01 1.910360336303710938e+00
4.662513732910156250e-02 2.301883697509765625e-01
1.033839225769042969e+00 4.649934768676757812e-01
2.466268539428710938e-01 1.830018997192382812e+00
4.414362907409667969e-01 2.484512329101562500e-02
1.571253776550292969e+00 1.463171005249023438e+00
3.198480010032653809e-01 4.645443916320800781e+00
8.925337791442871094e-01 2.982435226440429688e-01
1.538696289062500000e-01 1.673953533172607422e+00
3.073043823242187500e-01 8.436203002929687500e-02
8.129224777221679688e-01 1.814957618713378906e+00
8.162946701049804688e-01 9.903278350830078125e-01
6.373853683471679688e-01 8.247661590576171875e-02
3.506889343261718750e-01 2.340224266052246094e+00
1.770219802856445312e-01 1.340857505798339844e+00
4.342498779296875000e-01 1.040706634521484375e+00
3.718481063842773438e-01 7.819786071777343750e-01
1.844558715820312500e-01 1.238869667053222656e+00
5.483226776123046875e-01 6.681852340698242188e-01
1.301326751708984375e-01 7.269458770751953125e-01
2.082290649414062500e-01 1.118636131286621094e+00
4.230642318725585938e-01 1.669504165649414062e+00
1.598873138427734375e-01 1.470872402191162109e+00
2.113246917724609375e-01 1.079451560974121094e+00
6.611051559448242188e-01 1.915342330932617188e+00
9.116797447204589844e-01 1.581415176391601562e+00
3.676099777221679688e-01 1.472583770751953125e+00
3.373117446899414062e-01 1.376413345336914062e+00
3.992652893066406250e-02 5.494852066040039062e-01
2.429528236389160156e-01 1.586950302124023438e+00
3.187797784805297852e+00 9.051155090332031250e+00
1.049349784851074219e+00 1.498335838317871094e+00
1.415586471557617188e-01 1.129547119140625000e+00
8.721942901611328125e-01 1.564109802246093750e+00
1.626324653625488281e-01 9.316177368164062500e-01
4.060258865356445312e-01 1.540584564208984375e+00
