1.899290084838867188e-02 6.462931632995605469e-03
1.618862152099609375e-04 6.256699562072753906e-03
1.019024848937988281e-02 7.184743881225585938e-04
1.489162445068359375e-02 8.485317230224609375e-04
5.990862846374511719e-03 1.180136203765869141e-02
1.063179969787597656e-02 8.798599243164062500e-03
1.281249523162841797e-02 1.000881195068359375e-02
7.046699523925781250e-03 1.308071613311767578e-02
1.650738716125488281e-02 1.091814041137695312e-02
4.397892951965332031e-02 2.620458602905273438e-03
7.797122001647949219e-03 1.407670974731445312e-02
1.456737518310546875e-04 2.789223194122314453e-02
3.110647201538085938e-03 7.852435111999511719e-03
3.774642944335937500e-03 9.375095367431640625e-03
1.617813110351562500e-02 4.971981048583984375e-03
1.028811931610107422e-02 2.098274230957031250e-02
5.426883697509765625e-03 2.018678188323974609e-02
2.338886260986328125e-03 1.814961433410644531e-03
1.233458518981933594e-03 8.739113807678222656e-03
1.556324958801269531e-02 4.545450210571289062e-03
4.088878631591796875e-04 7.575750350952148438e-03
2.028465270996093750e-02 5.403876304626464844e-03
1.373243331909179688e-02 3.926277160644531250e-03
2.907705307006835938e-02 5.278468132019042969e-03
7.981300354003906250e-03 7.426023483276367188e-03
1.876294612884521484e-02 6.008207798004150391e-03
6.845474243164062500e-03 1.992666721343994141e-02
1.973128318786621094e-02 6.683468818664550781e-03
1.217889785766601562e-02 3.661751747131347656e-03
3.587603569030761719e-03 1.826322078704833984e-02
1.973354816436767578e-02 9.420871734619140625e-03
1.893222332000732422e-02 1.134216785430908203e-02
6.308436393737792969e-03 7.269501686096191406e-03
7.652044296264648438e-04 1.234853267669677734e-02
1.472771167755126953e-02 1.131820678710937500e-02
1.281034946441650391e-02 1.132905483245849609e-02
7.438862323760986328e-02 1.496553421020507812e-02
1.543116569519042969e-02 7.280111312866210938e-04
1.870560646057128906e-02 6.644666194915771484e-03
9.334564208984375000e-03 1.155757904052734375e-02
1.637637615203857422e-02 1.483047008514404297e-02
1.954197883605957031e-03 2.328848838806152344e-02
5.815505981445312500e-03 7.177472114562988281e-03
