2.859473228454589844e-03 1.408338546752929688e-03
3.261029720306396484e-03 1.740276813507080078e-03
3.222227096557617188e-04 3.941476345062255859e-03
1.816362142562866211e-03 4.023790359497070312e-03
1.851409673690795898e-03 5.600839853286743164e-03
3.220915794372558594e-03 8.536279201507568359e-04
2.038657665252685547e-03 1.868069171905517578e-03
1.864492893218994141e-03 1.931548118591308594e-03
5.913197994232177734e-03 2.351260185241699219e-02
4.640519618988037109e-04 2.770334482192993164e-03
7.409453392028808594e-04 6.053775548934936523e-03
1.030445098876953125e-03 5.954176187515258789e-03
7.561445236206054688e-04 4.188179969787597656e-03
5.923360586166381836e-03 1.168578863143920898e-03
7.478922605514526367e-03 8.067309856414794922e-03
2.633720636367797852e-03 3.491640090942382812e-03
5.464792251586914062e-03 1.268535852432250977e-03
9.754896163940429688e-04 1.949280500411987305e-03
1.868605613708496094e-04 1.926124095916748047e-03
1.622289419174194336e-03 1.807183027267456055e-03
5.452632904052734375e-04 3.893971443176269531e-04
2.601444721221923828e-03 5.162030458450317383e-03
1.244217157363891602e-03 9.584724903106689453e-04
2.754598855972290039e-03 6.007850170135498047e-04
2.333670854568481445e-03 1.173406839370727539e-03
2.405315637588500977e-03 2.932995557785034180e-03
4.537940025329589844e-03 7.396817207336425781e-03
5.836665630340576172e-03 2.121925354003906250e-04
1.209527254104614258e-03 2.414673566818237305e-03
1.374781131744384766e-04 3.569573163986206055e-03
2.105236053466796875e-03 1.207590103149414062e-03
1.311480998992919922e-03 5.448251962661743164e-03
2.088844776153564453e-04 9.833872318267822266e-04
6.718635559082031250e-04 4.203677177429199219e-03
5.725324153900146484e-04 5.154073238372802734e-03
6.392896175384521484e-04 1.983046531677246094e-04
2.633392810821533203e-03 1.070976257324218750e-03
5.475580692291259766e-04 1.762002706527709961e-03
7.435083389282226562e-04 2.029001712799072266e-03
7.191658020019531250e-03 1.438325643539428711e-02
2.079734206199645996e-02 1.852104067802429199e-02
3.123462200164794922e-03 1.048475503921508789e-03
1.326590776443481445e-03 2.624303102493286133e-03
