5.083650350570678711e-03 1.041859388351440430e-03
5.632042884826660156e-04 2.706676721572875977e-03
1.905530691146850586e-03 2.379953861236572266e-03
6.365716457366943359e-03 1.404881477355957031e-04
9.227097034454345703e-04 2.863287925720214844e-03
2.762675285339355469e-03 2.781242132186889648e-03
8.436441421508789062e-04 7.435083389282226562e-04
1.173049211502075195e-03 2.355456352233886719e-03
3.869950771331787109e-03 4.998505115509033203e-03
5.207210779190063477e-03 6.249547004699707031e-03
8.311569690704345703e-04 4.722774028778076172e-04
2.153873443603515625e-03 1.209557056427001953e-03
9.411454200744628906e-03 1.026487350463867188e-02
4.510223865509033203e-03 4.327714443206787109e-03
3.267526626586914062e-04 2.732813358306884766e-03
4.983156919479370117e-03 7.883220911026000977e-03
1.393646001815795898e-03 1.258462667465209961e-03
5.388855934143066406e-03 3.783136606216430664e-03
1.565277576446533203e-03 1.097857952117919922e-03
1.376479864120483398e-03 3.006160259246826172e-03
1.045435667037963867e-03 2.479881048202514648e-03
1.557618379592895508e-03 5.676001310348510742e-03
9.312063455581665039e-03 3.058135509490966797e-03
3.331691026687622070e-03 2.343130111694335938e-02
2.402245998382568359e-03 1.486152410507202148e-03
7.387995719909667969e-05 2.040773630142211914e-03
7.650256156921386719e-05 2.661496400833129883e-03
3.718107938766479492e-03 4.158675670623779297e-03
1.364022493362426758e-03 1.848906278610229492e-03
3.866404294967651367e-03 4.023879766464233398e-03
4.176199436187744141e-04 4.225552082061767578e-03
1.685589551925659180e-03 2.180397510528564453e-03
2.044677734375000000e-03 7.182061672210693359e-04
4.472255706787109375e-03 4.582583904266357422e-03
8.187890052795410156e-04 1.275956630706787109e-03
1.207029819488525391e-02 2.130302786827087402e-02
4.480302333831787109e-03 7.047355175018310547e-04
1.367175579071044922e-02 2.592289447784423828e-02
2.337157726287841797e-03 1.545310020446777344e-03
1.929670572280883789e-03 1.423358917236328125e-03
4.442781209945678711e-03 5.398362874984741211e-03
8.368492126464843750e-04 2.400636672973632812e-03
7.299184799194335938e-04 3.132969141006469727e-03
