3.352355957031250000e-02 1.835632324218750000e-02
5.377960205078125000e-02 4.906845092773437500e-02
2.291107177734375000e-02 5.577087402343750000e-02
1.164627075195312500e-02 1.575088500976562500e-02
2.923202514648437500e-02 2.350311279296875000e-01
1.587677001953125000e-02 5.583953857421875000e-02
4.505157470703125000e-03 1.009368896484375000e-02
1.071929931640625000e-03 2.379989624023437500e-02
2.735137939453125000e-03 3.823852539062500000e-02
2.596664428710937500e-02 6.607055664062500000e-03
1.481246948242187500e-02 2.566146850585937500e-02
4.524230957031250000e-03 3.746032714843750000e-02
1.218414306640625000e-02 1.705169677734375000e-02
1.356124877929687500e-02 1.935577392578125000e-02
1.773452758789062500e-02 3.440856933593750000e-02
2.089691162109375000e-02 6.027221679687500000e-04
1.646804809570312500e-02 6.471633911132812500e-02
2.055358886718750000e-02 3.532409667968750000e-03
4.010391235351562500e-02 9.808349609375000000e-02
3.586196899414062500e-02 2.348709106445312500e-02
1.823043823242187500e-02 2.264785766601562500e-02
3.498077392578125000e-02 2.364730834960937500e-02
2.339553833007812500e-02 3.006362915039062500e-02
9.555816650390625000e-03 8.438110351562500000e-03
3.079986572265625000e-02 2.499008178710937500e-02
6.759643554687500000e-03 6.127166748046875000e-02
1.033782958984375000e-02 6.055450439453125000e-02
5.144882202148437500e-02 1.845970153808593750e-01
1.148986816406250000e-02 1.703262329101562500e-02
3.002166748046875000e-03 2.513885498046875000e-02
2.921676635742187500e-02 1.099319458007812500e-01
2.001953125000000000e-02 1.306533813476562500e-02
3.990554809570312500e-02 1.813888549804687500e-02
3.268814086914062500e-02 3.012466430664062500e-02
2.954101562500000000e-02 7.108688354492187500e-02
1.918792724609375000e-02 1.375961303710937500e-02
1.241302490234375000e-02 3.017425537109375000e-03
1.480102539062500000e-03 1.739883422851562500e-02
7.513427734375000000e-02 3.249359130859375000e-02
1.943206787109375000e-02 1.534652709960937500e-02
2.479553222656250000e-03 2.700042724609375000e-02
3.242492675781250000e-04 8.709335327148437500e-02
8.773803710937500000e-03 4.783630371093750000e-02
