2.071082592010498047e-03 1.732259988784790039e-03
4.242986440658569336e-03 3.858834505081176758e-03
2.009928226470947266e-03 2.136796712875366211e-03
1.140773296356201172e-03 1.838207244873046875e-03
2.825260162353515625e-04 2.655178308486938477e-03
6.130635738372802734e-04 9.319186210632324219e-04
2.137333154678344727e-03 6.164699792861938477e-03
4.670023918151855469e-04 3.105401992797851562e-05
3.524988889694213867e-03 2.274304628372192383e-03
1.008808612823486328e-03 6.489843130111694336e-03
3.046661615371704102e-03 1.749694347381591797e-03
1.556247472763061523e-03 1.289591193199157715e-02
3.066718578338623047e-03 4.166007041931152344e-03
3.066629171371459961e-03 1.530438661575317383e-03
1.482754945755004883e-03 2.092897891998291016e-03
1.288294792175292969e-03 1.456558704376220703e-03
1.932233572006225586e-03 5.133897066116333008e-03
3.695458173751831055e-03 9.242594242095947266e-04
4.985928535461425781e-04 5.603730678558349609e-04
4.026442766189575195e-03 1.371651887893676758e-03
1.242250204086303711e-03 4.137486219406127930e-03
1.658520102500915527e-02 1.721498370170593262e-02
1.069903373718261719e-03 1.774758100509643555e-03
2.777189016342163086e-03 8.085370063781738281e-04
1.627099514007568359e-02 1.208069920539855957e-02
9.670555591583251953e-04 1.951336860656738281e-03
6.107091903686523438e-04 1.192688941955566406e-03
4.929423332214355469e-03 2.504110336303710938e-03
2.494812011718750000e-03 8.670508861541748047e-03
5.182862281799316406e-03 7.534623146057128906e-04
3.430962562561035156e-03 5.788236856460571289e-03
1.156926155090332031e-03 3.914833068847656250e-04
1.451268792152404785e-02 1.382899284362792969e-02
2.751827239990234375e-03 8.803009986877441406e-04
1.300066709518432617e-03 2.351105213165283203e-04
1.043856143951416016e-03 4.486918449401855469e-03
1.428961753845214844e-03 3.407478332519531250e-03
5.928069353103637695e-03 1.063019037246704102e-03
4.106611013412475586e-03 1.952975988388061523e-03
7.220804691314697266e-04 5.647599697113037109e-03
2.847045660018920898e-03 9.398460388183593750e-04
2.138525247573852539e-03 1.665771007537841797e-03
9.305864572525024414e-03 1.730510592460632324e-02
