2.930450439453125000e-02 1.158905029296875000e-02
4.735946655273437500e-02 3.813171386718750000e-02
1.258087158203125000e-02 1.602172851562500000e-04
1.347351074218750000e-02 3.233337402343750000e-02
1.840972900390625000e-02 5.850982666015625000e-02
2.032470703125000000e-02 2.696990966796875000e-03
8.265304565429687500e-02 1.218032836914062500e-02
1.360321044921875000e-02 2.174758911132812500e-02
2.836608886718750000e-02 2.161026000976562500e-01
1.272583007812500000e-02 2.059936523437500000e-03
2.382278442382812500e-02 4.383087158203125000e-03
3.998184204101562500e-02 1.678466796875000000e-02
2.846908569335937500e-02 2.434921264648437500e-02
4.336547851562500000e-02 2.060317993164062500e-02
3.801345825195312500e-02 3.117370605468750000e-02
1.304626464843750000e-02 1.761245727539062500e-02
6.982040405273437500e-02 1.288986206054687500e-02
9.700775146484375000e-03 1.834869384765625000e-03
3.608322143554687500e-02 1.218414306640625000e-02
8.684539794921875000e-02 2.515029907226562500e-02
1.746749877929687500e-02 1.005668640136718750e-01
2.080154418945312500e-02 1.509094238281250000e-02
1.158905029296875000e-02 5.573654174804687500e-02
1.117324829101562500e-02 2.195739746093750000e-02
2.692413330078125000e-02 5.357360839843750000e-02
3.270339965820312500e-02 8.158111572265625000e-02
2.381515502929687500e-02 4.379272460937500000e-02
4.173660278320312500e-02 2.989578247070312500e-02
7.655334472656250000e-02 1.012344360351562500e-01
8.087158203125000000e-04 2.137374877929687500e-02
5.776214599609375000e-02 6.063079833984375000e-02
1.232910156250000000e-02 4.600143432617187500e-02
3.196716308593750000e-02 1.819229125976562500e-02
4.116058349609375000e-03 2.026367187500000000e-02
9.147644042968750000e-03 7.743072509765625000e-02
3.556442260742187500e-02 1.824188232421875000e-02
2.277755737304687500e-02 4.069900512695312500e-02
1.123771667480468750e-01 1.800994873046875000e-01
2.216720581054687500e-02 2.185821533203125000e-02
2.323150634765625000e-03 9.445190429687500000e-03
9.002685546875000000e-03 2.804183959960937500e-02
1.589202880859375000e-02 1.125335693359375000e-03
8.289337158203125000e-03 1.906967163085937500e-02
