2.210706472396850586e-03 4.414021968841552734e-03
1.457464694976806641e-02 1.525655388832092285e-02
1.810431480407714844e-03 7.296353578567504883e-03
7.915198802947998047e-04 2.370655536651611328e-03
7.677257061004638672e-03 1.253968477249145508e-02
3.560721874237060547e-03 7.608324289321899414e-03
9.179711341857910156e-04 3.534108400344848633e-03
2.478897571563720703e-03 4.646688699722290039e-03
7.478296756744384766e-04 7.467359304428100586e-03
7.521212100982666016e-04 1.187652349472045898e-03
3.236770629882812500e-03 7.033050060272216797e-04
2.913177013397216797e-03 3.070235252380371094e-04
2.867603302001953125e-02 2.590259909629821777e-02
4.970431327819824219e-04 1.567363739013671875e-03
2.251386642456054688e-03 2.745389938354492188e-04
1.189112663269042969e-04 3.265231847763061523e-03
1.905947923660278320e-03 8.172988891601562500e-03
5.135685205459594727e-03 1.540154218673706055e-03
8.665919303894042969e-04 3.713548183441162109e-03
5.984961986541748047e-03 1.913607120513916016e-04
1.546651124954223633e-03 1.298522949218750000e-02
3.730446100234985352e-03 3.365337848663330078e-03
8.959233760833740234e-03 7.736802101135253906e-03
1.817315816879272461e-03 8.362323045730590820e-03
5.060940980911254883e-03 1.127782464027404785e-02
1.326590776443481445e-03 6.753802299499511719e-04
1.981526613235473633e-03 1.327335834503173828e-03
1.433819532394409180e-03 7.154762744903564453e-03
4.512667655944824219e-03 3.804862499237060547e-04
9.309589862823486328e-03 2.207249402999877930e-03
3.230214118957519531e-03 1.529693603515625000e-03
1.200020313262939453e-03 3.744393587112426758e-03
1.743346452713012695e-03 8.390605449676513672e-03
1.204043626785278320e-03 3.109395503997802734e-03
1.198437809944152832e-02 4.793643951416015625e-03
1.411348581314086914e-03 1.216322183609008789e-03
1.490116119384765625e-02 1.870277523994445801e-02
7.581412792205810547e-04 1.293659210205078125e-02
1.150280237197875977e-03 7.595717906951904297e-04
9.815692901611328125e-04 4.057496786117553711e-03
4.528254270553588867e-03 6.509721279144287109e-04
5.990117788314819336e-03 6.556510925292968750e-06
1.832008361816406250e-03 1.961261034011840820e-03
