2.441525459289550781e-03 1.812601089477539062e-02
1.644968986511230469e-03 2.068769931793212891e-02
1.165866851806640625e-03 4.763245582580566406e-03
5.143284797668457031e-03 9.750485420227050781e-03
6.997585296630859375e-04 9.823560714721679688e-03
2.551674842834472656e-03 4.583597183227539062e-03
7.134437561035156250e-03 1.765108108520507812e-02
5.619287490844726562e-03 1.415586471557617188e-02
5.597352981567382812e-03 1.324844360351562500e-02
4.645824432373046875e-03 5.563378334045410156e-03
6.078600883483886719e-03 1.217424869537353516e-02
2.798438072204589844e-03 9.970963001251220703e-03
1.888751983642578125e-03 1.044046878814697266e-02
2.968311309814453125e-04 1.827335357666015625e-02
7.980108261108398438e-03 1.121413707733154297e-02
9.258985519409179688e-04 1.091110706329345703e-02
4.651427268981933594e-03 3.623247146606445312e-03
1.114606857299804688e-03 1.035922765731811523e-02
1.971364021301269531e-03 7.154941558837890625e-03
5.176305770874023438e-03 2.726316452026367188e-03
3.020763397216796875e-04 4.470109939575195312e-03
1.359009742736816406e-02 2.081668376922607422e-02
1.747250556945800781e-03 1.112020015716552734e-02
2.999186515808105469e-03 7.959485054016113281e-03
2.934932708740234375e-04 7.308721542358398438e-04
5.095124244689941406e-03 1.348197460174560547e-02
2.149820327758789062e-03 9.239673614501953125e-03
2.714395523071289062e-04 6.881713867187500000e-03
7.364511489868164062e-03 8.993506431579589844e-03
1.135706901550292969e-03 4.664659500122070312e-04
1.247763633728027344e-03 5.327045917510986328e-03
3.557562828063964844e-03 5.831003189086914062e-03
2.340078353881835938e-04 7.119417190551757812e-03
4.316806793212890625e-03 1.046180725097656250e-02
5.557417869567871094e-03 3.348112106323242188e-03
1.895546913146972656e-03 9.999036788940429688e-03
2.508640289306640625e-03 7.344722747802734375e-03
9.589314460754394531e-03 7.296800613403320312e-04
1.103055477142333984e-02 2.212977409362792969e-02
1.297712326049804688e-03 9.932875633239746094e-03
3.632783889770507812e-03 6.552815437316894531e-03
3.774166107177734375e-03 1.861023902893066406e-02
2.108931541442871094e-03 7.053613662719726562e-04
