6.687641143798828125e-04 1.549899578094482422e-03
5.434155464172363281e-04 5.370378494262695312e-04
3.969967365264892578e-04 4.090100526809692383e-03
1.745223999023437500e-03 6.776750087738037109e-04
1.665830612182617188e-03 8.462756872177124023e-03
1.925319433212280273e-03 7.134497165679931641e-03
2.481311559677124023e-03 5.332052707672119141e-03
8.658766746520996094e-04 4.050195217132568359e-03
1.662164926528930664e-03 3.145933151245117188e-04
1.053988933563232422e-03 9.434223175048828125e-04
8.872121572494506836e-03 8.590698242187500000e-03
1.175999641418457031e-04 1.001536846160888672e-03
2.657204866409301758e-03 3.825604915618896484e-03
4.494786262512207031e-03 1.838564872741699219e-03
6.131231784820556641e-03 7.308721542358398438e-04
2.518296241760253906e-03 8.791685104370117188e-04
1.957088708877563477e-03 3.984749317169189453e-03
1.293689012527465820e-03 2.161294221878051758e-03
5.134671926498413086e-03 7.201224565505981445e-03
2.920836210250854492e-03 1.749545335769653320e-03
1.211225986480712891e-03 1.462519168853759766e-03
1.726180315017700195e-03 4.130840301513671875e-03
1.180499792098999023e-03 4.249095916748046875e-03
3.733634948730468750e-04 4.508137702941894531e-03
1.444011926651000977e-03 3.733426332473754883e-03
4.121035337448120117e-03 7.609426975250244141e-04
4.674494266510009766e-04 1.081943511962890625e-03
2.113521099090576172e-03 2.508521080017089844e-03
9.094178676605224609e-04 1.086652278900146484e-03
3.349781036376953125e-04 5.799204111099243164e-03
2.120852470397949219e-03 1.078844070434570312e-04
2.202987670898437500e-03 1.801908016204833984e-03
3.167390823364257812e-04 3.718316555023193359e-03
1.966357231140136719e-04 3.373175859451293945e-03
6.048977375030517578e-04 6.117552518844604492e-03
4.750490188598632812e-05 6.199479103088378906e-04
1.590162515640258789e-03 7.628202438354492188e-04
5.289971828460693359e-03 1.485884189605712891e-03
9.480714797973632812e-04 7.173418998718261719e-05
1.760870218276977539e-03 5.390703678131103516e-03
2.506077289581298828e-03 3.142476081848144531e-03
6.076693534851074219e-05 1.052021980285644531e-05
6.528198719024658203e-04 2.107739448547363281e-03
