4.087984561920166016e-04 9.176909923553466797e-03
1.652121543884277344e-03 7.666170597076416016e-03
1.560389995574951172e-03 6.478309631347656250e-03
2.493384480476379395e-02 2.774965763092041016e-02
3.091841936111450195e-03 6.762146949768066406e-05
2.057430148124694824e-02 2.700659632682800293e-02
5.432158708572387695e-03 1.589208841323852539e-03
1.493990421295166016e-03 1.835733652114868164e-03
9.728431701660156250e-03 1.103204488754272461e-02
1.031696796417236328e-03 6.357103586196899414e-03
2.789944410324096680e-03 5.938053131103515625e-03
1.208692789077758789e-03 2.544254064559936523e-03
2.585738897323608398e-03 2.720862627029418945e-03
1.842051744461059570e-03 3.988027572631835938e-03
2.090752124786376953e-03 6.004184484481811523e-03
1.570075750350952148e-03 5.231708288192749023e-03
4.763156175613403320e-03 3.624975681304931641e-03
3.838926553726196289e-03 1.601219177246093750e-03
3.292858600616455078e-03 1.421779394149780273e-03
1.890361309051513672e-04 5.078136920928955078e-03
5.224704742431640625e-03 2.126038074493408203e-03
4.821956157684326172e-03 1.217097043991088867e-03
5.411416292190551758e-03 2.503722906112670898e-03
3.189891576766967773e-03 9.354323148727416992e-03
1.485854387283325195e-03 4.123717546463012695e-03
2.009272575378417969e-03 4.811286926269531250e-04
3.593176603317260742e-03 1.531839370727539062e-05
8.272707462310791016e-03 1.606798171997070312e-02
1.821130514144897461e-03 1.491874456405639648e-03
2.455770969390869141e-03 4.835069179534912109e-03
6.187558174133300781e-04 5.501985549926757812e-03
2.107024192810058594e-04 5.855232477188110352e-03
3.587424755096435547e-03 2.401471138000488281e-04
1.455217599868774414e-03 2.919584512710571289e-03
1.559942960739135742e-03 3.960013389587402344e-03
7.122755050659179688e-05 1.150757074356079102e-03
3.040194511413574219e-03 3.495097160339355469e-03
3.350704908370971680e-03 1.548349857330322266e-03
2.115964889526367188e-03 3.266185522079467773e-03
6.815552711486816406e-03 4.433810710906982422e-03
5.107909440994262695e-03 2.446204423904418945e-03
4.715830087661743164e-03 2.963244915008544922e-04
1.796156167984008789e-03 3.058016300201416016e-04
