1.570129394531250000e-02 1.598739624023437500e-02
1.216888427734375000e-02 9.078979492187500000e-03
9.536743164062500000e-03 1.103210449218750000e-02
8.537292480468750000e-03 2.986907958984375000e-02
1.335144042968750000e-03 1.301956176757812500e-02
3.138351440429687500e-02 3.128051757812500000e-03
6.774520874023437500e-02 1.117591857910156250e-01
1.541137695312500000e-02 4.697418212890625000e-02
2.361297607421875000e-03 2.174377441406250000e-03
8.777618408203125000e-03 5.624389648437500000e-02
2.070617675781250000e-02 1.282119750976562500e-02
9.971618652343750000e-03 1.442337036132812500e-02
1.306915283203125000e-02 2.896499633789062500e-02
1.252365112304687500e-02 3.425598144531250000e-02
4.616165161132812500e-02 1.685714721679687500e-02
4.624176025390625000e-02 5.565643310546875000e-03
4.212951660156250000e-02 1.986694335937500000e-02
3.005599975585937500e-02 2.051925659179687500e-02
2.928543090820312500e-02 1.905441284179687500e-02
4.261398315429687500e-02 5.609130859375000000e-02
1.581954956054687500e-02 1.154708862304687500e-02
1.458740234375000000e-02 5.051803588867187500e-02
2.621841430664062500e-02 1.171112060546875000e-02
5.026245117187500000e-02 5.429458618164062500e-02
1.183319091796875000e-02 5.230331420898437500e-02
5.595779418945312500e-02 2.304458618164062500e-02
1.151657104492187500e-02 3.813552856445312500e-02
1.844787597656250000e-02 1.423645019531250000e-02
1.416397094726562500e-02 4.780578613281250000e-02
4.921722412109375000e-02 3.980636596679687500e-02
1.047134399414062500e-02 2.004241943359375000e-02
1.136398315429687500e-02 3.318023681640625000e-02
2.767181396484375000e-02 1.947402954101562500e-02
2.164459228515625000e-02 4.357147216796875000e-02
2.670288085937500000e-03 1.853942871093750000e-02
4.787445068359375000e-03 1.463699340820312500e-02
5.637359619140625000e-02 3.194046020507812500e-02
4.407882690429687500e-02 3.713607788085937500e-02
7.030868530273437500e-02 7.435226440429687500e-02
4.599380493164062500e-02 1.218414306640625000e-02
5.753707885742187500e-02 3.210067749023437500e-02
4.689025878906250000e-02 1.333618164062500000e-02
1.279067993164062500e-02 2.834320068359375000e-02
