2.187490463256835938e-03 4.168570041656494141e-03
5.315899848937988281e-03 7.888197898864746094e-03
1.809239387512207031e-03 1.844608783721923828e-02
1.670122146606445312e-03 1.785087585449218750e-02
5.710959434509277344e-03 4.818439483642578125e-04
9.167075157165527344e-03 2.126133441925048828e-02
1.135945320129394531e-03 5.898952484130859375e-03
3.034114837646484375e-03 1.167774200439453125e-03
1.874709129333496094e-02 2.499103546142578125e-03
3.289341926574707031e-03 1.137006282806396484e-02
1.069307327270507812e-04 1.961988210678100586e-02
4.699826240539550781e-03 7.696151733398437500e-04
8.201718330383300781e-03 1.122593879699707031e-02
3.135085105895996094e-03 1.494407653808593750e-03
5.783677101135253906e-03 4.656076431274414062e-03
4.164814949035644531e-03 7.521629333496093750e-03
8.180856704711914062e-03 7.305622100830078125e-03
1.144003868103027344e-02 1.992762088775634766e-02
5.400896072387695312e-03 6.971359252929687500e-04
1.162052154541015625e-03 1.127636432647705078e-02
9.071588516235351562e-03 6.212830543518066406e-03
1.170635223388671875e-04 4.875302314758300781e-03
1.706600189208984375e-03 4.820346832275390625e-03
4.776358604431152344e-03 1.663088798522949219e-03
1.260554790496826172e-02 2.130055427551269531e-02
2.939581871032714844e-03 2.207636833190917969e-03
5.728721618652343750e-03 1.162886619567871094e-03
1.421332359313964844e-03 1.819509267807006836e-02
3.401875495910644531e-03 1.611709594726562500e-03
1.841187477111816406e-03 3.669619560241699219e-03
9.599924087524414062e-04 1.256585121154785156e-02
6.918907165527343750e-04 2.383708953857421875e-03
1.550912857055664062e-03 9.005188941955566406e-03
2.649068832397460938e-03 1.254844665527343750e-02
2.778053283691406250e-03 8.840203285217285156e-03
1.580834388732910156e-03 7.976114749908447266e-03
2.430081367492675781e-03 2.053004503250122070e-02
7.787227630615234375e-03 1.141560077667236328e-02
1.399636268615722656e-03 8.832812309265136719e-03
8.043050765991210938e-04 1.473069190979003906e-03
1.021623611450195312e-03 8.337855339050292969e-03
2.504110336303710938e-03 2.245056629180908203e-02
5.470514297485351562e-04 1.224732398986816406e-02
