1.086177825927734375e-01 5.687313079833984375e-01
4.609489440917968750e-02 1.330296039581298828e+00
1.992473602294921875e-01 1.084220886230468750e+00
8.572578430175781250e-03 1.243451118469238281e+00
1.864533424377441406e-01 3.062181472778320312e-01
4.196329116821289062e-01 8.078069686889648438e-01
1.767496109008789062e+00 5.169770240783691406e+00
3.492932319641113281e-01 1.517442226409912109e+00
3.418436050415039062e-01 2.694845199584960938e+00
3.325457572937011719e-01 9.028965950012207031e+00
1.093138933181762695e+00 4.573284626007080078e+00
5.132372379302978516e-01 1.753095865249633789e+00
9.839239120483398438e-01 1.105828285217285156e+00
3.359031677246093750e-02 3.365201950073242188e-01
1.915912628173828125e-01 5.884933471679687500e-02
5.414075851440429688e-01 3.783140182495117188e-01
5.652971267700195312e-01 8.051414489746093750e-01
4.563856124877929688e-01 2.317943572998046875e-01
6.316032409667968750e-01 1.995776176452636719e+00
1.409523606300354004e+00 1.349122762680053711e+00
4.167556762695312500e-04 5.120010375976562500e-01
1.749248504638671875e-01 6.938934326171875000e-01
3.086843490600585938e-01 8.692808151245117188e-01
2.377796649932861328e+00 6.211194038391113281e+00
4.179372787475585938e-01 2.154941558837890625e+00
5.657005310058593750e-02 2.838356018066406250e+00
6.125328540802001953e-01 1.801884174346923828e+00
4.259757995605468750e-01 1.926624298095703125e+00
3.939981460571289062e-01 1.034202575683593750e-01
6.553277969360351562e-01 9.128990173339843750e-01
2.738294601440429688e-01 1.531622886657714844e+00
8.574028015136718750e-01 1.386051177978515625e-01
1.753931045532226562e-01 5.237150192260742188e-01
2.797384262084960938e-01 4.035625457763671875e-01
1.077651977539062500e-01 1.072997093200683594e+00
3.946533203125000000e-01 1.567612648010253906e+00
6.237030029296875000e-01 3.001184463500976562e-01
4.446747303009033203e-01 7.997252941131591797e-01
1.422109603881835938e-01 1.274714469909667969e+00
3.678131103515625000e-01 9.370675086975097656e-01
2.107810974121093750e-02 6.261510848999023438e-01
4.833412170410156250e-02 1.235206604003906250e+00
2.750625610351562500e-01 1.909703254699707031e+00
