3.585114479064941406e-01 5.334053039550781250e-01
8.136177062988281250e-02 4.983262062072753906e+00
2.641935348510742188e-01 4.666604995727539062e-01
3.735179901123046875e-01 1.209543228149414062e+00
7.983303070068359375e-01 1.982398509979248047e+00
1.602172851562500000e-04 3.745365142822265625e-02
3.949785232543945312e-01 4.786631584167480469e+00
8.266983032226562500e-01 2.020887374877929688e+00
3.108825683593750000e-01 1.529211997985839844e+00
4.095859527587890625e-01 1.583657264709472656e+00
7.310051918029785156e-01 1.074113368988037109e+00
1.318330764770507812e-01 1.761244773864746094e+00
3.006343841552734375e-01 1.993662834167480469e+00
9.997453689575195312e-01 1.780678749084472656e+00
3.016948699951171875e-02 1.974518775939941406e+00
3.569984436035156250e-01 1.176307678222656250e+00
5.990982055664062500e-03 1.610384941101074219e+00
1.235711455345153809e+00 7.157981395721435547e-01
2.100324630737304688e-01 3.708324432373046875e-01
3.439998626708984375e-02 1.328687667846679688e-01
8.448839187622070312e-01 1.956158161163330078e+00
7.686944007873535156e-01 1.968404293060302734e+00
4.828052520751953125e-01 1.237159013748168945e+00
4.400205612182617188e-01 1.727046489715576172e+00
1.528530120849609375e-01 7.670497894287109375e-01
4.782094955444335938e-01 2.590999603271484375e-01
1.881275177001953125e-01 1.979531288146972656e+00
3.791799545288085938e-01 4.672527313232421875e-01
1.047291755676269531e-01 1.782860755920410156e-01
2.487277984619140625e-01 2.769661903381347656e+00
6.577682495117187500e-02 1.385195732116699219e+00
1.437473297119140625e-01 2.185374259948730469e+00
2.870330810546875000e-01 1.577142715454101562e+00
1.178849220275878906e+00 1.743216514587402344e+00
1.001129150390625000e-01 1.253149986267089844e+00
1.880766153335571289e+00 3.933351278305053711e+00
8.693408966064453125e-02 5.430517196655273438e-01
4.741277694702148438e-01 7.421767711639404297e-01
2.479782104492187500e-01 1.668144226074218750e+00
3.783522844314575195e-01 3.192841053009033203e+00
2.575984001159667969e-01 1.451861381530761719e+00
4.341411590576171875e-02 1.269880771636962891e+00
1.177215576171875000e-01 5.187511444091796875e-02
