7.817268371582031250e-03 7.086277008056640625e-03
2.343893051147460938e-03 6.229043006896972656e-03
9.728789329528808594e-03 2.054464817047119141e-02
6.387829780578613281e-03 2.722811698913574219e-02
9.317636489868164062e-03 1.582837104797363281e-02
7.038950920104980469e-03 4.926323890686035156e-03
7.069826126098632812e-03 1.202404499053955078e-02
1.743793487548828125e-03 9.248614311218261719e-03
7.464885711669921875e-04 1.162052154541015625e-03
8.700728416442871094e-03 1.913392543792724609e-02
7.035732269287109375e-04 1.360839605331420898e-02
1.498937606811523438e-03 1.758551597595214844e-02
1.190328598022460938e-02 2.525365352630615234e-02
2.849102020263671875e-04 1.871794462203979492e-02
6.732344627380371094e-03 1.642704010009765625e-02
5.090594291687011719e-03 1.109838485717773438e-03
3.256082534790039062e-03 1.489102840423583984e-03
7.784366607666015625e-04 1.396089792251586914e-02
5.943775177001953125e-04 1.299536228179931641e-02
3.286600112915039062e-04 6.981372833251953125e-03
2.187490463256835938e-03 5.697250366210937500e-03
2.676248550415039062e-04 2.210617065429687500e-03
4.121184349060058594e-03 3.160119056701660156e-03
1.666426658630371094e-03 2.923607826232910156e-03
1.621484756469726562e-03 2.096319198608398438e-02
1.376271247863769531e-03 1.402747631072998047e-02
1.315295696258544922e-02 3.224492073059082031e-03
9.609460830688476562e-04 1.755595207214355469e-02
2.672314643859863281e-03 8.087038993835449219e-03
1.882672309875488281e-03 1.716232299804687500e-02
2.277851104736328125e-03 8.712768554687500000e-03
1.112818717956542969e-03 8.886277675628662109e-03
1.021742820739746094e-03 2.519488334655761719e-03
3.768205642700195312e-03 1.777410507202148438e-03
3.354549407958984375e-04 7.944107055664062500e-04
1.161336898803710938e-03 2.594888210296630859e-03
2.762079238891601562e-04 1.856219768524169922e-02
2.019524574279785156e-03 1.874935626983642578e-02
1.091659069061279297e-02 3.219246864318847656e-03
1.820564270019531250e-03 4.355907440185546875e-03
3.572583198547363281e-03 1.604557037353515625e-03
9.142160415649414062e-04 7.199048995971679688e-04
1.885533332824707031e-03 1.713275909423828125e-02
