2.469933032989501953e-01 4.564006328582763672e+00
1.143241882324218750e+00 6.376295089721679688e-01
2.317333221435546875e-02 4.697828292846679688e-01
6.353492736816406250e-01 1.951444149017333984e+00
1.513977050781250000e-01 1.917658329010009766e+00
9.712958335876464844e-01 1.877202510833740234e+00
3.109245300292968750e-01 6.800775527954101562e-01
4.582405090332031250e-03 1.592267990112304688e+00
8.055429458618164062e-01 1.891364097595214844e+00
1.265126228332519531e+00 2.315506935119628906e+00
6.978702545166015625e-02 1.749860763549804688e+00
3.294181823730468750e-02 1.428125381469726562e+00
1.360845565795898438e-01 2.870557785034179688e+00
6.911106109619140625e-01 2.049636840820312500e-02
2.358636856079101562e-01 1.754959106445312500e+00
1.033864021301269531e-01 1.593044757843017578e+00
1.696987152099609375e-01 1.563634872436523438e+00
4.781136512756347656e-01 1.311088085174560547e+00
4.449806213378906250e-01 7.995243072509765625e-01
4.522671699523925781e-01 1.525341987609863281e+00
8.176202774047851562e-01 1.526441574096679688e-01
1.160253524780273438e+00 5.010805130004882812e-01
5.791664123535156250e-01 6.708354949951171875e-01
6.980795860290527344e-01 4.057225227355957031e+00
3.475370407104492188e-01 1.982347011566162109e+00
6.213235855102539062e-01 4.003601074218750000e-01
1.318185806274414062e+00 4.904751777648925781e-01
2.363929748535156250e-01 1.567936897277832031e+00
9.797124862670898438e-01 2.437108039855957031e+00
4.824542999267578125e-01 6.925706863403320312e-01
3.488318920135498047e-01 1.702554225921630859e-01
2.990498542785644531e-01 6.527709960937500000e-02
2.657585144042968750e-01 9.356689453125000000e-02
1.383457183837890625e+00 6.036758422851562500e-04
9.934806823730468750e-02 1.217757225036621094e+00
6.805601119995117188e-01 1.986907482147216797e+00
2.568845748901367188e-01 1.814582347869873047e+00
1.179952144622802734e+00 1.975933074951171875e+00
2.108922004699707031e+00 9.874954223632812500e-01
1.511576652526855469e+00 2.414693832397460938e-01
1.534738540649414062e-01 1.730468750000000000e+00
1.825428009033203125e-02 2.052655220031738281e+00
2.660036087036132812e-01 1.628599166870117188e+00
