2.821654081344604492e-03 6.554424762725830078e-04
2.006858587265014648e-03 3.348857164382934570e-03
5.626916885375976562e-03 6.691813468933105469e-04
1.977801322937011719e-03 4.548788070678710938e-03
2.079606056213378906e-03 2.726018428802490234e-04
4.746317863464355469e-04 9.663164615631103516e-03
1.409649848937988281e-05 1.236885786056518555e-03
2.262890338897705078e-04 1.863598823547363281e-03
2.073946595191955566e-02 1.962313055992126465e-02
4.088819026947021484e-03 1.569092273712158203e-03
5.067080259323120117e-03 3.768056631088256836e-03
3.385275602340698242e-03 1.156479120254516602e-03
3.047347068786621094e-03 4.397928714752197266e-03
3.976255655288696289e-03 1.145172119140625000e-02
1.076668500900268555e-03 2.825826406478881836e-03
1.182198524475097656e-03 3.354966640472412109e-03
1.836746931076049805e-03 7.969737052917480469e-04
1.697808504104614258e-03 5.622804164886474609e-04
7.287561893463134766e-04 1.501828432083129883e-03
1.510292291641235352e-03 5.662798881530761719e-03
1.685947179794311523e-03 1.344382762908935547e-04
1.963227987289428711e-03 3.515303134918212891e-03
1.519918441772460938e-05 2.535104751586914062e-03
1.394450664520263672e-03 2.194106578826904297e-03
6.918013095855712891e-04 6.130337715148925781e-05
3.307163715362548828e-04 2.297013998031616211e-03
1.469731330871582031e-03 2.891540527343750000e-03
5.780458450317382812e-04 4.316747188568115234e-03
1.051306724548339844e-03 3.085374832153320312e-03
7.876545190811157227e-03 1.619139313697814941e-02
6.236553192138671875e-03 1.605629920959472656e-03
3.516674041748046875e-04 5.744636058807373047e-03
2.204179763793945312e-04 7.926523685455322266e-03
6.287485361099243164e-03 3.329157829284667969e-03
5.160570144653320312e-04 3.383249044418334961e-03
1.137211918830871582e-02 1.127949357032775879e-02
2.590775489807128906e-03 1.050800085067749023e-03
6.599426269531250000e-04 8.920133113861083984e-04
2.000451087951660156e-03 4.751533269882202148e-03
3.897845745086669922e-04 4.117190837860107422e-04
5.693137645721435547e-04 7.398426532745361328e-04
1.425552368164062500e-02 2.342826128005981445e-02
1.217544078826904297e-03 1.716971397399902344e-03
