6.942242383956909180e-03 3.063350915908813477e-03
2.194792032241821289e-03 1.509308815002441406e-03
4.508197307586669922e-04 8.924931287765502930e-03
6.049573421478271484e-04 3.174155950546264648e-03
1.794397830963134766e-03 1.752525568008422852e-03
2.540946006774902344e-03 3.954887390136718750e-03
4.748702049255371094e-04 1.961916685104370117e-03
1.594305038452148438e-03 2.331823110580444336e-03
2.851814031600952148e-03 8.341670036315917969e-03
1.608580350875854492e-03 1.448065042495727539e-03
4.577606916427612305e-03 4.195243120193481445e-03
5.432546138763427734e-03 2.433359622955322266e-04
4.361361265182495117e-03 1.104503870010375977e-03
1.201987266540527344e-03 3.322958946228027344e-04
6.016224622726440430e-03 1.089224219322204590e-02
1.128941774368286133e-03 1.581251621246337891e-03
3.471672534942626953e-04 1.971691846847534180e-03
9.582936763763427734e-04 1.566469669342041016e-03
2.055463194847106934e-02 2.766802906990051270e-02
5.981922149658203125e-04 9.030997753143310547e-04
2.324104309082031250e-03 2.252161502838134766e-03
2.956688404083251953e-04 8.269548416137695312e-04
7.899403572082519531e-04 5.794167518615722656e-04
2.600222826004028320e-03 5.100756883621215820e-03
1.039355993270874023e-03 1.854985952377319336e-03
2.049893140792846680e-03 1.479238271713256836e-02
1.883244514465332031e-02 2.016624808311462402e-02
2.411007881164550781e-03 2.628475427627563477e-03
2.362251281738281250e-03 1.578280329704284668e-02
1.144915819168090820e-03 1.142233610153198242e-03
2.146869897842407227e-03 1.390248537063598633e-03
1.585868000984191895e-02 1.641881465911865234e-02
4.014372825622558594e-04 2.941250801086425781e-03
9.699076414108276367e-03 1.239553093910217285e-02
2.238661050796508789e-03 3.173798322677612305e-03
1.829415559768676758e-03 3.366440534591674805e-03
1.021176576614379883e-03 8.282452821731567383e-03
1.520216464996337891e-04 6.429135799407958984e-03
2.279311418533325195e-03 6.717950105667114258e-03
2.873361110687255859e-03 4.620254039764404297e-04
3.502368927001953125e-04 1.657962799072265625e-03
6.238818168640136719e-04 4.287511110305786133e-03
7.861435413360595703e-03 1.817372441291809082e-02
