4.226465225219726562e-01 3.951406478881835938e-01
2.738060951232910156e-01 1.313917160034179688e+00
8.976440429687500000e-01 8.105239868164062500e-01
8.193712234497070312e-01 9.170389175415039062e-01
1.601457595825195312e-01 2.045866012573242188e+00
4.452257156372070312e-01 1.541532039642333984e+00
2.241022825241088867e+00 9.988250732421875000e-01
3.323574066162109375e-01 2.007331848144531250e-01
6.710557937622070312e-01 4.414767265319824219e+00
9.663133621215820312e-01 9.945592880249023438e-01
1.578639745712280273e+00 3.459587812423706055e+00
2.519102096557617188e-01 2.170747756958007812e+00
1.714497566223144531e+00 1.255947113037109375e+00
4.699611663818359375e-02 1.759069442749023438e+00
1.160897612571716309e-01 4.111812591552734375e+00
3.876495361328125000e-02 1.735410690307617188e+00
3.659973144531250000e-01 5.686925888061523438e+00
1.549968719482421875e-01 1.129627227783203125e-01
1.461486816406250000e-01 9.779996871948242188e-01
6.828136444091796875e-01 4.057502746582031250e-02
9.086484909057617188e-01 1.959877014160156250e-01
5.057210922241210938e-01 4.747241020202636719e+00
7.591562271118164062e-01 6.701545715332031250e-01
1.476440429687500000e-01 7.145471572875976562e-01
2.962112426757812500e-02 9.582929611206054688e-01
1.880741119384765625e-02 1.140125751495361328e+00
6.933083534240722656e-01 5.901956558227539062e-02
9.397134780883789062e-01 2.116921424865722656e+00
1.012897491455078125e-02 8.372306823730468750e-02
1.392164230346679688e-01 1.982091903686523438e+00
7.889099121093750000e-01 4.362359046936035156e-01
3.616456985473632812e-01 2.639293670654296875e-02
9.594926834106445312e-01 1.758041381835937500e-01
7.505893707275390625e-02 1.207735061645507812e+00
2.993726730346679688e-01 2.275370597839355469e+00
5.324630737304687500e-01 1.636399269104003906e+00
1.444435119628906250e-01 1.617536544799804688e-01
2.232646942138671875e-01 2.232780456542968750e-01
8.933858871459960938e-01 5.576095581054687500e-01
4.486045837402343750e-01 1.053307533264160156e+00
4.797887802124023438e-01 5.686445236206054688e-01
8.863391876220703125e-01 1.443675041198730469e+00
2.188634872436523438e-01 1.505722999572753906e+00
