1.041412353515625000e-02 3.217697143554687500e-02
4.355239868164062500e-02 1.684570312500000000e-02
2.601242065429687500e-02 4.863739013671875000e-02
8.937072753906250000e-02 9.611511230468750000e-02
5.607604980468750000e-03 9.277343750000000000e-03
1.251220703125000000e-03 5.179977416992187500e-02
2.368164062500000000e-02 5.889892578125000000e-03
7.736206054687500000e-03 8.598327636718750000e-03
5.287170410156250000e-03 4.826354980468750000e-02
5.531311035156250000e-04 9.054183959960937500e-02
4.717254638671875000e-02 2.838516235351562500e-02
1.872634887695312500e-02 3.076171875000000000e-02
5.363464355468750000e-03 2.156829833984375000e-02
8.361816406250000000e-03 2.252578735351562500e-02
1.413726806640625000e-02 2.276763916015625000e-01
5.178833007812500000e-02 5.799865722656250000e-02
4.561614990234375000e-02 2.097320556640625000e-02
3.118515014648437500e-02 2.237701416015625000e-02
2.862930297851562500e-02 1.670074462890625000e-02
2.302551269531250000e-02 2.247238159179687500e-02
3.199386596679687500e-02 2.970123291015625000e-02
4.407882690429687500e-02 1.823806762695312500e-02
4.623413085937500000e-03 4.366683959960937500e-02
2.538681030273437500e-02 5.214691162109375000e-03
2.623748779296875000e-02 5.932235717773437500e-02
3.571701049804687500e-02 2.132415771484375000e-02
4.655838012695312500e-02 5.737304687500000000e-02
4.245758056640625000e-03 4.552841186523437500e-02
7.420349121093750000e-02 1.117477416992187500e-01
4.268646240234375000e-02 3.509902954101562500e-02
2.254104614257812500e-02 5.429077148437500000e-02
7.434844970703125000e-03 7.247161865234375000e-02
2.149581909179687500e-02 6.031036376953125000e-03
4.211044311523437500e-02 4.544448852539062500e-02
3.861618041992187500e-02 1.218795776367187500e-02
2.943420410156250000e-02 2.163696289062500000e-02
4.158020019531250000e-03 6.431198120117187500e-02
1.623916625976562500e-02 2.507400512695312500e-02
1.638412475585937500e-02 1.667404174804687500e-02
2.188873291015625000e-02 3.932189941406250000e-02
2.318572998046875000e-02 2.758407592773437500e-02
1.101303100585937500e-02 3.805160522460937500e-02
6.240081787109375000e-02 3.561019897460937500e-02
