1.036018133163452148e-03 3.095775842666625977e-03
1.790225505828857422e-04 1.542747020721435547e-03
5.574762821197509766e-03 7.288068532943725586e-03
1.542568206787109375e-04 1.598685979843139648e-03
1.697957515716552734e-03 4.141390323638916016e-03
7.928907871246337891e-04 2.282053232192993164e-03
1.140445470809936523e-03 7.003545761108398438e-05
1.776844263076782227e-03 6.463021039962768555e-03
2.451539039611816406e-04 6.426304578781127930e-03
3.725290298461914062e-06 2.561569213867187500e-03
2.174168825149536133e-03 2.858459949493408203e-03
2.937823534011840820e-03 6.188154220581054688e-04
9.073913097381591797e-04 1.929646730422973633e-02
7.755577564239501953e-03 9.771823883056640625e-03
2.154171466827392578e-03 8.349120616912841797e-04
1.497089862823486328e-03 5.614459514617919922e-04
4.264265298843383789e-03 2.824574708938598633e-03
7.497966289520263672e-04 5.126982927322387695e-03
2.156496047973632812e-04 2.129167318344116211e-03
3.877758979797363281e-03 3.869235515594482422e-03
4.248052835464477539e-03 7.889866828918457031e-04
1.325061917304992676e-02 1.100206375122070312e-02
2.596333622932434082e-02 2.066263556480407715e-02
3.449290990829467773e-03 3.011226654052734375e-03
7.342398166656494141e-04 5.507469177246093750e-05
5.450546741485595703e-04 2.650886774063110352e-03
5.194067955017089844e-03 1.705914735794067383e-03
1.025348901748657227e-03 5.957216024398803711e-03
4.056572914123535156e-03 2.068281173706054688e-03
1.339614391326904297e-03 3.156483173370361328e-03
1.963675022125244141e-04 9.165704250335693359e-04
4.826188087463378906e-04 7.428824901580810547e-04
4.711449146270751953e-04 8.961260318756103516e-04
8.295178413391113281e-04 6.752610206604003906e-03
8.462071418762207031e-04 3.825843334197998047e-03
1.387298107147216797e-04 3.506243228912353516e-03
7.318556308746337891e-04 8.009970188140869141e-04
8.630454540252685547e-04 4.154503345489501953e-03
5.173772573471069336e-03 4.608750343322753906e-03
3.844201564788818359e-04 1.717180013656616211e-03
2.253532409667968750e-03 1.552402973175048828e-04
2.265185117721557617e-03 3.958940505981445312e-04
1.096665859222412109e-03 2.080202102661132812e-04
