1.146233081817626953e-02 1.792454719543457031e-02
1.853346824645996094e-03 4.806041717529296875e-03
2.022624015808105469e-03 5.140185356140136719e-03
1.067125797271728516e-02 2.114653587341308594e-02
2.503490447998046875e-02 7.028698921203613281e-03
2.231955528259277344e-03 1.929306983947753906e-02
9.388923645019531250e-03 1.920461654663085938e-04
3.732681274414062500e-03 2.968072891235351562e-03
4.946112632751464844e-03 7.069110870361328125e-03
2.597570419311523438e-04 1.082050800323486328e-02
1.578807830810546875e-03 4.648804664611816406e-03
1.251697540283203125e-05 1.190268993377685547e-02
6.041049957275390625e-03 5.317926406860351562e-04
1.696944236755371094e-02 6.586790084838867188e-03
1.656293869018554688e-03 9.875893592834472656e-03
9.918212890625000000e-04 1.371604204177856445e-02
2.269268035888671875e-03 5.129098892211914062e-03
5.107879638671875000e-03 1.256346702575683594e-03
1.037001609802246094e-03 7.105231285095214844e-03
2.007007598876953125e-03 2.462971210479736328e-02
2.871751785278320312e-04 5.660057067871093750e-04
6.298661231994628906e-03 1.285707950592041016e-02
1.155018806457519531e-03 4.769206047058105469e-03
6.828308105468750000e-04 1.037073135375976562e-02
4.398822784423828125e-05 1.107931137084960938e-02
3.300547599792480469e-03 1.016080379486083984e-02
2.089738845825195312e-03 2.741396427154541016e-03
1.131296157836914062e-04 4.068613052368164062e-03
1.560807228088378906e-03 1.076322793960571289e-02
2.028465270996093750e-03 1.716613769531250000e-04
1.349449157714843750e-04 4.244565963745117188e-03
1.222729682922363281e-03 7.887721061706542969e-03
6.348133087158203125e-03 9.739398956298828125e-03
2.101659774780273438e-04 1.110380887985229492e-02
6.396174430847167969e-03 2.665710449218750000e-02
3.528714179992675781e-03 4.430055618286132812e-03
7.032155990600585938e-04 9.430885314941406250e-03
9.251356124877929688e-03 4.768371582031250000e-06
7.557868957519531250e-03 1.940703392028808594e-02
6.461143493652343750e-04 1.349157094955444336e-02
9.719133377075195312e-04 2.153682708740234375e-02
2.220869064331054688e-04 1.788222789764404297e-02
3.176212310791015625e-03 2.035117149353027344e-02
