3.984570503234863281e-05 9.709894657135009766e-04
8.599668741226196289e-03 1.051458716392517090e-02
3.118008375167846680e-03 9.712874889373779297e-04
2.160400152206420898e-03 5.675554275512695312e-03
5.113601684570312500e-03 7.479786872863769531e-03
4.585623741149902344e-03 3.654301166534423828e-03
1.192572712898254395e-02 5.995482206344604492e-03
6.974071264266967773e-03 4.407465457916259766e-04
3.035455942153930664e-03 6.392598152160644531e-04
3.260046243667602539e-03 2.810060977935791016e-03
3.241896629333496094e-03 3.544867038726806641e-03
7.909417152404785156e-03 3.265738487243652344e-04
6.899923086166381836e-03 7.998079061508178711e-03
7.778108119964599609e-04 3.926157951354980469e-03
8.294880390167236328e-04 3.506779670715332031e-03
4.118680953979492188e-05 4.853606224060058594e-03
1.802444458007812500e-03 2.457350492477416992e-03
2.174675464630126953e-04 1.053634285926818848e-02
1.766294240951538086e-03 1.618146896362304688e-03
2.174526453018188477e-03 1.227527856826782227e-03
6.674438714981079102e-03 7.149577140808105469e-04
1.392364501953125000e-04 6.387621164321899414e-03
1.672893762588500977e-03 4.381179809570312500e-03
5.122095346450805664e-03 2.538561820983886719e-03
3.687262535095214844e-03 1.718044281005859375e-03
2.600371837615966797e-03 2.269744873046875000e-04
1.344054937362670898e-03 1.909494400024414062e-03
5.994647741317749023e-03 1.293748617172241211e-03
8.978247642517089844e-04 4.837155342102050781e-03
1.352283358573913574e-02 1.207149028778076172e-02
6.253421306610107422e-04 4.983276128768920898e-03
9.995400905609130859e-04 1.846402883529663086e-03
8.621811866760253906e-05 6.124675273895263672e-04
3.560781478881835938e-04 3.310918807983398438e-03
1.469910144805908203e-03 8.780658245086669922e-04
1.975029706954956055e-03 4.002779722213745117e-03
2.599656581878662109e-04 1.154005527496337891e-03
5.900472402572631836e-03 1.556986570358276367e-02
1.372992992401123047e-03 3.769099712371826172e-04
6.990373134613037109e-03 9.948611259460449219e-04
2.504914999008178711e-03 2.925544977188110352e-03
7.130503654479980469e-04 4.187107086181640625e-03
3.507733345031738281e-04 3.069400787353515625e-03
