8.465647697448730469e-04 4.532754421234130859e-03
9.921193122863769531e-05 1.768678426742553711e-03
1.208484172821044922e-04 9.077489376068115234e-03
5.733072757720947266e-04 5.212426185607910156e-05
7.389575242996215820e-03 1.757153868675231934e-02
2.854466438293457031e-04 5.340576171875000000e-04
2.884984016418457031e-03 2.423614263534545898e-03
1.932382583618164062e-04 6.867647171020507812e-04
1.387059688568115234e-03 5.800724029541015625e-03
1.923501491546630859e-03 4.991143941879272461e-03
1.223772764205932617e-03 1.018041372299194336e-02
3.717601299285888672e-03 2.911686897277832031e-04
2.710223197937011719e-03 5.865216255187988281e-03
3.616690635681152344e-03 1.206836104393005371e-02
3.203749656677246094e-05 5.336105823516845703e-04
9.381204843521118164e-03 1.335686445236206055e-02
1.128315925598144531e-04 2.920359373092651367e-03
3.725290298461914062e-04 3.635108470916748047e-03
2.019405364990234375e-03 2.309411764144897461e-03
5.086272954940795898e-03 3.815561532974243164e-03
2.430558204650878906e-03 2.453625202178955078e-04
2.995282411575317383e-03 6.138950586318969727e-03
1.662075519561767578e-04 2.353280782699584961e-03
6.383955478668212891e-03 5.339264869689941406e-03
3.032505512237548828e-03 3.863573074340820312e-04
8.429348468780517578e-03 1.083219051361083984e-02
2.910465002059936523e-03 6.285637617111206055e-03
1.832395792007446289e-03 2.923905849456787109e-04
2.021372318267822266e-03 3.568917512893676758e-03
1.967608928680419922e-03 4.274487495422363281e-03
1.535117626190185547e-03 1.999080181121826172e-03
1.137554645538330078e-04 2.253353595733642578e-03
2.314746379852294922e-03 2.110809087753295898e-03
9.870529174804687500e-05 6.029903888702392578e-03
1.273542642593383789e-03 3.253012895584106445e-03
7.085889577865600586e-03 4.307150840759277344e-03
9.294748306274414062e-04 1.710772514343261719e-03
3.673672676086425781e-03 5.836963653564453125e-03
6.290704011917114258e-03 8.675158023834228516e-04
4.550516605377197266e-04 1.263320446014404297e-04
1.234412193298339844e-04 2.515375614166259766e-03
2.516984939575195312e-03 1.132488250732421875e-03
2.882868051528930664e-03 6.838172674179077148e-03
