1.295894384384155273e-03 4.832088947296142578e-03
8.196234703063964844e-04 1.244544982910156250e-03
3.954350948333740234e-03 6.496280431747436523e-03
1.738548278808593750e-03 6.694197654724121094e-04
1.223713159561157227e-03 7.096827030181884766e-03
1.314371824264526367e-03 1.013901829719543457e-02
3.766715526580810547e-04 1.156896352767944336e-03
2.391993999481201172e-03 2.086788415908813477e-03
4.624694585800170898e-03 1.620244979858398438e-02
2.211630344390869141e-04 2.470433712005615234e-03
9.577274322509765625e-04 4.199862480163574219e-03
3.889501094818115234e-04 4.438936710357666016e-03
2.202391624450683594e-05 3.462493419647216797e-03
1.309067010879516602e-03 6.476640701293945312e-03
1.912504434585571289e-03 9.537339210510253906e-04
5.747735500335693359e-03 7.781744003295898438e-03
1.790106296539306641e-03 9.682178497314453125e-04
8.082985877990722656e-04 4.028588533401489258e-03
2.342760562896728516e-04 5.004703998565673828e-03
3.461301326751708984e-03 6.994307041168212891e-04
1.501411199569702148e-03 2.721190452575683594e-03
2.633869647979736328e-03 1.020085811614990234e-02
1.090764999389648438e-05 1.399219036102294922e-04
9.877890348434448242e-03 1.048302650451660156e-02
1.442998647689819336e-03 2.210885286331176758e-03
1.463145017623901367e-03 3.518760204315185547e-03
1.150518655776977539e-03 1.675873994827270508e-03
1.591205596923828125e-03 8.964627981185913086e-03
2.045542001724243164e-03 8.829593658447265625e-03
2.977401018142700195e-03 1.329869031906127930e-03
5.504518747329711914e-03 2.585321664810180664e-03
1.353770494461059570e-03 9.323060512542724609e-04
2.322763204574584961e-03 5.652815103530883789e-03
2.756893634796142578e-03 5.664885044097900391e-03
1.225769519805908203e-04 4.665970802307128906e-03
2.002063393592834473e-02 1.649034023284912109e-02
1.219779253005981445e-03 2.516239881515502930e-03
1.618975400924682617e-02 1.468485593795776367e-02
1.077860593795776367e-03 1.205384731292724609e-02
4.149526357650756836e-03 2.232789993286132812e-03
1.701384782791137695e-03 2.634346485137939453e-03
4.476457834243774414e-03 1.201272010803222656e-03
6.332099437713623047e-04 1.645714044570922852e-03
