1.265077590942382812e-01 1.742755413055419922e+00
8.953447341918945312e-01 1.528712272644042969e+00
3.602056503295898438e-01 1.536673069000244141e+00
1.333188056945800781e+00 9.274988174438476562e-01
2.067317962646484375e-01 1.853749275207519531e+00
1.264624595642089844e-01 1.431608200073242188e+00
3.106045722961425781e-01 1.645929336547851562e+00
3.875904083251953125e-01 6.226091384887695312e-01
8.695821762084960938e-01 2.632688522338867188e+00
2.454347610473632812e-01 2.010646820068359375e+00
2.091639995574951172e+00 4.087567329406738281e-01
2.660379409790039062e-01 1.984535217285156250e+00
4.111881256103515625e-01 6.519317626953125000e-01
1.273108482360839844e+00 6.917597770690917969e+00
4.877912998199462891e-02 4.831452846527099609e+00
4.951438903808593750e-01 1.198869705200195312e+00
1.185455322265625000e-01 8.765993118286132812e-01
1.770820617675781250e-01 2.263879776000976562e+00
1.344639301300048828e+00 6.816668510437011719e-01
1.075906753540039062e-01 1.810505867004394531e+00
2.556304931640625000e-01 1.484926223754882812e+00
8.822402954101562500e-01 1.031442642211914062e+00
1.757714748382568359e-01 1.754267930984497070e+00
3.446674346923828125e-02 2.028435230255126953e+00
1.469907760620117188e-01 8.954429626464843750e-02
9.682579040527343750e-01 1.097587585449218750e+00
6.203966140747070312e-01 3.768720626831054688e-01
1.615648269653320312e-01 3.925714492797851562e-01
5.686566829681396484e-01 5.843500137329101562e+00
6.992015838623046875e-01 2.726650238037109375e-02
1.882305145263671875e-01 1.625109672546386719e+00
9.669923782348632812e-01 8.762655258178710938e-01
3.908586502075195312e-01 1.763483047485351562e+00
6.940979957580566406e-01 1.796947479248046875e+00
9.640121459960937500e-02 1.178451538085937500e+00
4.668521881103515625e-01 1.677810192108154297e+00
1.326656341552734375e-02 1.916671752929687500e+00
8.388414382934570312e-01 1.080812454223632812e+00
1.280104160308837891e+00 3.177261352539062500e-01
2.225666046142578125e-01 5.416402816772460938e-01
2.224106788635253906e-01 1.980882167816162109e+00
1.563458442687988281e-01 1.605124473571777344e+00
1.772757768630981445e+00 6.617774963378906250e-01
