7.511138916015625000e-03 1.577377319335937500e-02
3.454971313476562500e-02 1.607894897460937500e-02
3.004074096679687500e-02 3.454208374023437500e-02
5.099105834960937500e-02 6.439208984375000000e-02
5.132293701171875000e-02 1.076927185058593750e-01
4.310607910156250000e-04 3.584289550781250000e-02
1.824188232421875000e-02 4.186630249023437500e-02
2.354812622070312500e-02 9.109497070312500000e-03
3.752899169921875000e-02 2.042007446289062500e-02
4.214096069335937500e-02 6.020355224609375000e-02
3.041839599609375000e-02 3.619384765625000000e-02
2.357482910156250000e-02 3.337860107421875000e-02
3.564834594726562500e-02 7.163619995117187500e-02
4.898071289062500000e-03 1.858520507812500000e-02
3.688812255859375000e-03 1.150894165039062500e-02
1.552963256835937500e-02 9.046936035156250000e-02
1.158142089843750000e-02 1.846694946289062500e-02
3.318023681640625000e-02 7.010269165039062500e-02
1.433181762695312500e-02 6.197738647460937500e-02
8.366012573242187500e-02 1.531600952148437500e-02
7.020568847656250000e-02 6.256103515625000000e-03
2.218246459960937500e-02 3.721237182617187500e-02
2.032852172851562500e-02 2.628326416015625000e-02
4.003906250000000000e-02 5.566787719726562500e-02
7.124710083007812500e-02 4.505157470703125000e-02
6.618499755859375000e-03 1.867294311523437500e-02
3.066635131835937500e-02 1.030349731445312500e-02
2.989578247070312500e-02 4.107666015625000000e-02
3.080368041992187500e-02 9.136199951171875000e-03
2.155303955078125000e-02 5.825042724609375000e-03
7.858276367187500000e-04 9.749221801757812500e-02
3.063583374023437500e-02 7.125854492187500000e-03
3.508377075195312500e-02 1.039047241210937500e-01
5.756378173828125000e-03 2.346267700195312500e-01
2.431106567382812500e-02 1.354217529296875000e-02
1.283264160156250000e-02 4.917144775390625000e-03
3.168106079101562500e-02 3.393554687500000000e-02
2.064895629882812500e-02 7.225036621093750000e-03
4.203796386718750000e-03 8.354187011718750000e-04
5.482482910156250000e-02 1.791000366210937500e-02
2.113723754882812500e-02 2.515792846679687500e-02
4.207611083984375000e-03 3.947067260742187500e-02
9.584426879882812500e-02 2.853775024414062500e-02
