3.678512573242187500e-02 8.880615234375000000e-03
2.021789550781250000e-04 8.365631103515625000e-03
3.317642211914062500e-02 1.558303833007812500e-02
8.544158935546875000e-02 1.183624267578125000e-01
4.142761230468750000e-03 5.418395996093750000e-02
2.535247802734375000e-02 5.138397216796875000e-03
2.727508544921875000e-03 1.041030883789062500e-02
5.152511596679687500e-02 5.764007568359375000e-03
5.980300903320312500e-02 6.381225585937500000e-02
5.142974853515625000e-02 8.472824096679687500e-02
3.049850463867187500e-02 2.442550659179687500e-02
3.093338012695312500e-02 3.055191040039062500e-02
3.410339355468750000e-03 2.116012573242187500e-02
3.937911987304687500e-02 8.864974975585937500e-02
1.802062988281250000e-02 7.703781127929687500e-02
1.988601684570312500e-02 2.145767211914062500e-02
3.853988647460937500e-02 1.160812377929687500e-02
5.645751953125000000e-04 1.852416992187500000e-02
3.444671630859375000e-03 1.084289550781250000e-01
2.500534057617187500e-02 2.294158935546875000e-02
3.959655761718750000e-02 1.522827148437500000e-02
2.764129638671875000e-02 4.556655883789062500e-02
2.479171752929687500e-02 2.751922607421875000e-02
2.727890014648437500e-02 6.816101074218750000e-02
3.051757812500000000e-04 1.203155517578125000e-02
1.841354370117187500e-02 2.176666259765625000e-02
3.288269042968750000e-02 3.926849365234375000e-02
1.192092895507812500e-02 1.137695312500000000e-01
1.177215576171875000e-02 3.111267089843750000e-02
7.625961303710937500e-02 2.117156982421875000e-02
3.570938110351562500e-02 1.230239868164062500e-02
2.916717529296875000e-02 3.995132446289062500e-02
2.257919311523437500e-02 3.808212280273437500e-02
1.066589355468750000e-02 1.429748535156250000e-02
4.143142700195312500e-02 2.728271484375000000e-02
4.168319702148437500e-02 1.039886474609375000e-02
2.162170410156250000e-02 1.987838745117187500e-02
1.365661621093750000e-03 2.768707275390625000e-02
2.334594726562500000e-03 4.360580444335937500e-02
3.054428100585937500e-02 1.442718505859375000e-02
2.779006958007812500e-02 3.999328613281250000e-02
2.612686157226562500e-02 6.803131103515625000e-02
4.455947875976562500e-02 2.171325683593750000e-02
