8.974790573120117188e-03 2.053952217102050781e-02
3.984928131103515625e-03 1.059353351593017578e-02
6.846785545349121094e-03 1.421797275543212891e-02
8.672475814819335938e-04 1.485586166381835938e-03
4.342794418334960938e-04 8.132815361022949219e-03
2.390265464782714844e-03 1.672279834747314453e-02
1.882791519165039062e-03 1.608979701995849609e-02
1.212000846862792969e-03 2.282500267028808594e-03
9.167790412902832031e-03 5.675554275512695312e-04
1.278519630432128906e-03 3.918051719665527344e-03
3.298401832580566406e-03 6.814599037170410156e-03
3.369927406311035156e-03 8.276462554931640625e-03
3.735899925231933594e-03 3.093838691711425781e-03
2.590417861938476562e-04 1.045346260070800781e-03
1.974463462829589844e-03 7.351160049438476562e-03
1.648902893066406250e-03 1.481735706329345703e-02
1.055002212524414062e-03 1.131093502044677734e-02
4.206299781799316406e-03 2.662897109985351562e-03
1.535415649414062500e-03 2.022147178649902344e-03
3.582239151000976562e-03 1.989012956619262695e-02
4.965066909790039062e-04 7.119655609130859375e-03
1.890182495117187500e-03 8.878231048583984375e-03
5.264759063720703125e-03 3.105759620666503906e-03
1.509308815002441406e-03 1.057147979736328125e-03
3.559231758117675781e-03 7.297873497009277344e-03
1.557111740112304688e-03 7.127940654754638672e-03
2.709627151489257812e-04 1.006686687469482422e-02
2.522587776184082031e-03 8.811593055725097656e-03
2.070069313049316406e-03 5.635738372802734375e-03
3.739595413208007812e-04 1.388835906982421875e-02
5.098938941955566406e-03 1.056718826293945312e-02
3.298044204711914062e-03 9.738385677337646484e-03
1.001942157745361328e-02 2.194321155548095703e-02
4.808306694030761719e-03 1.604819297790527344e-02
2.462863922119140625e-03 1.014852523803710938e-02
1.157760620117187500e-03 1.096755266189575195e-02
1.140463352203369141e-02 1.306462287902832031e-02
1.903772354125976562e-04 1.310622692108154297e-02
4.483461380004882812e-04 8.765816688537597656e-03
1.149702072143554688e-02 3.367304801940917969e-03
2.591133117675781250e-03 1.704907417297363281e-02
9.120702743530273438e-04 1.191663742065429688e-02
9.543895721435546875e-04 5.525588989257812500e-03
