2.242326736450195312e-04 4.720091819763183594e-03
1.207470893859863281e-03 3.296971321105957031e-03
4.966259002685546875e-04 1.867461204528808594e-02
7.141232490539550781e-03 1.900506019592285156e-02
3.818631172180175781e-03 1.936721801757812500e-02
2.412199974060058594e-03 5.485773086547851562e-03
1.144289970397949219e-03 6.506323814392089844e-03
5.006790161132812500e-05 1.201438903808593750e-02
1.132965087890625000e-03 1.711547374725341797e-02
3.240466117858886719e-03 4.446148872375488281e-03
1.383066177368164062e-03 4.459738731384277344e-03
1.995134353637695312e-02 3.722190856933593750e-03
9.280443191528320312e-04 2.089262008666992188e-03
3.141641616821289062e-03 2.377629280090332031e-03
4.164695739746093750e-03 3.230929374694824219e-03
5.931496620178222656e-03 1.293528079986572266e-02
2.625584602355957031e-03 7.487893104553222656e-03
5.614280700683593750e-03 4.034876823425292969e-03
9.726047515869140625e-03 4.381537437438964844e-03
1.095247268676757812e-02 9.280562400817871094e-03
8.904218673706054688e-03 4.391789436340332031e-03
1.319408416748046875e-03 1.765418052673339844e-02
1.203715801239013672e-02 4.029035568237304688e-03
9.679794311523437500e-05 1.298320293426513672e-02
3.174185752868652344e-03 1.243507862091064453e-02
1.389980316162109375e-03 1.771408319473266602e-02
7.841944694519042969e-03 6.380081176757812500e-04
1.230359077453613281e-03 1.235854625701904297e-02
1.126766204833984375e-03 1.855397224426269531e-02
1.036167144775390625e-03 7.006049156188964844e-03
1.331567764282226562e-04 1.379561424255371094e-02
8.267641067504882812e-03 6.692647933959960938e-03
3.484606742858886719e-03 2.422690391540527344e-03
5.103111267089843750e-03 6.115436553955078125e-04
2.988576889038085938e-04 4.574060440063476562e-04
1.352548599243164062e-03 1.971006393432617188e-03
5.468130111694335938e-04 1.875144243240356445e-02
2.213096618652343750e-02 6.449699401855468750e-03
2.268910408020019531e-03 5.955576896667480469e-03
1.190781593322753906e-03 9.934544563293457031e-03
1.846551895141601562e-03 1.713651418685913086e-02
9.018301963806152344e-03 1.737785339355468750e-02
1.707673072814941406e-03 1.729112863540649414e-02
