8.683502674102783203e-04 1.979082822799682617e-03
3.465384244918823242e-03 4.398524761199951172e-04
3.039181232452392578e-03 4.972785711288452148e-03
5.057454109191894531e-04 3.597617149353027344e-03
1.561820507049560547e-03 5.026817321777343750e-03
1.192659139633178711e-03 3.562659025192260742e-03
2.059280872344970703e-03 1.072049140930175781e-03
1.049309968948364258e-03 1.279622316360473633e-03
3.609389066696166992e-03 9.620934724807739258e-03
9.537637233734130859e-04 4.785418510437011719e-03
1.014173030853271484e-03 1.442790031433105469e-03
1.624584197998046875e-03 4.735887050628662109e-03
3.546476364135742188e-04 3.209501504898071289e-03
1.241832971572875977e-03 8.388519287109375000e-03
6.767511367797851562e-04 1.171141862869262695e-03
5.078822374343872070e-03 1.710653305053710938e-04
1.190811395645141602e-03 3.099948167800903320e-03
3.695785999298095703e-04 4.615366458892822266e-03
3.501772880554199219e-03 3.080099821090698242e-03
8.526742458343505859e-04 5.923599004745483398e-03
2.867013216018676758e-03 9.895265102386474609e-04
1.164674758911132812e-03 5.148053169250488281e-04
4.040271043777465820e-03 4.465192556381225586e-03
2.496004104614257812e-03 1.039475202560424805e-03
4.318416118621826172e-03 1.815459132194519043e-02
1.403391361236572266e-04 2.856284379959106445e-03
2.445638179779052734e-03 4.450321197509765625e-03
2.466350793838500977e-03 2.980291843414306641e-03
2.693086862564086914e-03 1.273334026336669922e-03
5.771219730377197266e-04 1.177102327346801758e-03
7.174909114837646484e-04 2.094537019729614258e-03
1.559644937515258789e-03 1.311868429183959961e-03
3.296226263046264648e-03 2.831816673278808594e-03
1.843124628067016602e-03 2.674609422683715820e-03
3.597259521484375000e-03 5.719453096389770508e-03
1.707881689071655273e-03 2.332538366317749023e-03
2.599358558654785156e-03 3.394901752471923828e-03
2.333521842956542969e-04 9.945005178451538086e-03
8.267372846603393555e-03 6.331175565719604492e-03
1.249790191650390625e-03 2.921730279922485352e-03
6.762474775314331055e-03 1.460224390029907227e-03
5.792379379272460938e-04 5.477815866470336914e-03
2.152025699615478516e-03 5.902051925659179688e-04
