3.261566162109375000e-04 8.982568979263305664e-03
5.670785903930664062e-04 7.280737161636352539e-03
3.416240215301513672e-03 6.083995103836059570e-03
2.304017543792724609e-04 5.760729312896728516e-03
7.260978221893310547e-03 1.418599486351013184e-02
1.172140240669250488e-02 6.821721792221069336e-03
2.307415008544921875e-03 5.737036466598510742e-03
1.712113618850708008e-03 1.465111970901489258e-03
7.776319980621337891e-04 6.291985511779785156e-03
1.153025031089782715e-02 1.363328099250793457e-02
2.257043123245239258e-02 2.405548095703125000e-02
1.733630895614624023e-03 1.249879598617553711e-03
5.025863647460937500e-04 1.866996288299560547e-03
1.406401395797729492e-03 9.630918502807617188e-04
8.910298347473144531e-04 4.916757345199584961e-03
9.573310613632202148e-03 5.369126796722412109e-03
2.246797084808349609e-04 3.174364566802978516e-03
1.888871192932128906e-03 4.712671041488647461e-03
1.107096672058105469e-03 3.017783164978027344e-04
2.869755029678344727e-03 1.852720975875854492e-03
1.303136348724365234e-03 3.739744424819946289e-03
2.994656562805175781e-03 2.923607826232910156e-04
7.462203502655029297e-04 1.369506120681762695e-03
3.895163536071777344e-04 2.853512763977050781e-03
1.325994729995727539e-03 3.282725811004638672e-04
3.541469573974609375e-03 9.252518415451049805e-03
4.827976226806640625e-04 1.649230718612670898e-03
2.204954624176025391e-02 2.515605092048645020e-02
5.220770835876464844e-04 3.712177276611328125e-03
1.178529858589172363e-02 1.826342940330505371e-02
1.943916082382202148e-03 1.279413700103759766e-04
1.639536023139953613e-02 1.650485396385192871e-02
3.838539123535156250e-04 2.735912799835205078e-03
2.742648124694824219e-03 1.420587301254272461e-03
1.844763755798339844e-05 3.828048706054687500e-03
1.821219921112060547e-04 3.707408905029296875e-05
1.019716262817382812e-03 5.699515342712402344e-03
3.363490104675292969e-04 3.919839859008789062e-03
4.108309745788574219e-03 2.140641212463378906e-03
2.626448869705200195e-03 1.368570327758789062e-02
1.227349042892456055e-03 1.409649848937988281e-05
6.040334701538085938e-04 3.944188356399536133e-03
1.395970582962036133e-03 3.650575876235961914e-03
