2.488327026367187500e-02 2.808761596679687500e-02
1.154708862304687500e-02 3.433227539062500000e-05
3.496551513671875000e-02 6.255722045898437500e-02
2.835845947265625000e-02 1.995086669921875000e-02
1.091766357421875000e-02 2.593612670898437500e-02
7.923507690429687500e-02 7.534790039062500000e-02
2.817153930664062500e-02 1.564407348632812500e-02
1.742935180664062500e-02 4.570388793945312500e-02
1.126480102539062500e-02 4.496002197265625000e-02
4.521942138671875000e-02 1.332855224609375000e-02
1.228332519531250000e-03 7.232666015625000000e-03
2.120971679687500000e-03 3.880691528320312500e-02
4.993057250976562500e-02 2.110290527343750000e-02
3.404235839843750000e-02 3.801345825195312500e-02
3.021240234375000000e-02 1.020469665527343750e-01
3.979873657226562500e-02 2.804565429687500000e-02
3.322601318359375000e-02 2.333068847656250000e-02
2.701950073242187500e-02 9.721755981445312500e-02
1.773452758789062500e-02 2.653121948242187500e-02
5.197143554687500000e-02 6.355285644531250000e-03
3.197479248046875000e-02 1.555633544921875000e-02
5.359649658203125000e-02 4.021835327148437500e-02
9.849548339843750000e-03 5.705642700195312500e-02
3.295898437500000000e-02 2.030181884765625000e-02
2.399826049804687500e-02 1.917648315429687500e-02
4.643249511718750000e-02 5.985260009765625000e-03
8.510589599609375000e-03 3.503799438476562500e-02
6.481170654296875000e-03 2.348327636718750000e-02
2.674102783203125000e-03 2.107238769531250000e-02
1.146163940429687500e-01 1.817245483398437500e-01
8.922576904296875000e-03 4.681777954101562500e-02
6.816864013671875000e-03 1.142120361328125000e-02
4.615402221679687500e-02 2.523040771484375000e-02
3.059768676757812500e-02 1.148223876953125000e-02
6.023406982421875000e-02 5.863189697265625000e-03
2.956390380859375000e-02 2.403259277343750000e-04
1.863479614257812500e-02 1.602554321289062500e-02
7.286071777343750000e-03 6.200408935546875000e-02
4.209518432617187500e-02 1.052474975585937500e-02
2.804183959960937500e-02 2.249374389648437500e-01
1.582717895507812500e-02 1.995468139648437500e-02
2.999114990234375000e-02 2.290344238281250000e-02
1.162796020507812500e-01 1.769180297851562500e-01
