3.718733787536621094e-03 2.179175615310668945e-03
4.190206527709960938e-05 6.225705146789550781e-04
1.747429370880126953e-03 5.798935890197753906e-04
2.863168716430664062e-03 3.768682479858398438e-03
5.316674709320068359e-03 5.727589130401611328e-03
3.019481897354125977e-03 6.272315979003906250e-03
1.810789108276367188e-03 5.755662918090820312e-03
2.158522605895996094e-03 1.344978809356689453e-03
2.379626035690307617e-03 3.120154142379760742e-03
6.210833787918090820e-03 7.882297039031982422e-03
9.357035160064697266e-04 1.027375459671020508e-03
1.150807738304138184e-02 4.619240760803222656e-03
1.046061515808105469e-04 1.428008079528808594e-03
1.137703657150268555e-03 3.360986709594726562e-03
5.907148122787475586e-03 1.280754804611206055e-03
3.063082695007324219e-03 8.418560028076171875e-04
3.039866685867309570e-03 1.150101423263549805e-03
2.240091562271118164e-03 2.410113811492919922e-04
1.648426055908203125e-03 2.454727888107299805e-03
1.835495233535766602e-03 6.603300571441650391e-04
8.991956710815429688e-04 2.287834882736206055e-03
2.061218023300170898e-03 4.402399063110351562e-04
1.688936352729797363e-02 1.528438925743103027e-02
3.358006477355957031e-03 1.080378890037536621e-02
8.506476879119873047e-04 2.275258302688598633e-03
5.342125892639160156e-03 4.597693681716918945e-03
4.363685846328735352e-03 6.425678730010986328e-03
5.574077367782592773e-03 5.807340145111083984e-03
2.302104234695434570e-02 1.791509985923767090e-02
3.156036138534545898e-03 7.095634937286376953e-04
1.199722290039062500e-03 9.556412696838378906e-04
6.134688854217529297e-03 2.157688140869140625e-04
2.587616443634033203e-03 2.347081899642944336e-03
6.571114063262939453e-04 5.512058734893798828e-03
2.252519130706787109e-03 4.078805446624755859e-03
6.655067205429077148e-03 6.162822246551513672e-03
3.829479217529296875e-03 2.127349376678466797e-03
1.137286424636840820e-03 1.954734325408935547e-03
5.457103252410888672e-04 2.372831106185913086e-03
4.151463508605957031e-04 2.839952707290649414e-03
2.492874860763549805e-03 7.937848567962646484e-04
1.574575901031494141e-03 1.243650913238525391e-04
5.220651626586914062e-03 9.821951389312744141e-03
