7.734894752502441406e-04 3.461003303527832031e-03
4.538893699645996094e-05 2.750903367996215820e-03
2.165734767913818359e-04 3.063023090362548828e-03
2.193748950958251953e-04 3.853410482406616211e-03
5.859255790710449219e-03 3.412365913391113281e-05
3.115266561508178711e-03 9.069830179214477539e-03
6.397515535354614258e-03 7.646769285202026367e-03
8.191764354705810547e-04 1.176834106445312500e-03
2.872139215469360352e-03 6.870090961456298828e-03
2.182543277740478516e-03 1.075237989425659180e-03
3.356784582138061523e-03 2.263635396957397461e-03
3.101229667663574219e-04 2.303808927536010742e-03
1.066327095031738281e-03 1.919835805892944336e-03
3.300011157989501953e-04 2.907544374465942383e-03
5.914866924285888672e-04 1.856118440628051758e-03
4.003942012786865234e-04 1.157164573669433594e-03
2.397894859313964844e-04 4.391074180603027344e-03
1.652240753173828125e-04 6.321966648101806641e-04
1.332432031631469727e-03 3.114700317382812500e-03
5.329519510269165039e-03 8.834302425384521484e-04
1.618921756744384766e-03 1.332968473434448242e-03
7.084310054779052734e-04 2.885490655899047852e-03
4.068017005920410156e-04 4.220694303512573242e-03
4.400223493576049805e-03 3.227293491363525391e-04
5.398690700531005859e-04 1.423987746238708496e-02
1.838803291320800781e-05 5.520820617675781250e-03
2.600461244583129883e-03 1.757025718688964844e-03
1.121371984481811523e-03 3.000497817993164062e-03
3.591269254684448242e-03 3.942638635635375977e-03
2.232193946838378906e-05 3.909498453140258789e-03
1.949638128280639648e-03 7.472753524780273438e-03
6.847977638244628906e-04 3.932058811187744141e-03
1.239746809005737305e-03 5.424588918685913086e-03
2.551078796386718750e-05 4.014670848846435547e-03
3.442168235778808594e-04 1.689940690994262695e-03
9.300529956817626953e-03 5.025357007980346680e-03
9.771585464477539062e-04 3.309160470962524414e-03
9.813904762268066406e-04 3.655254840850830078e-04
2.267211675643920898e-03 1.253366470336914062e-03
6.666481494903564453e-04 6.954073905944824219e-04
9.093582630157470703e-04 1.812726259231567383e-03
4.963248968124389648e-03 1.536518335342407227e-03
2.079457044601440430e-03 5.583643913269042969e-03
