1.904463768005371094e-02 1.110619306564331055e-02
4.357099533081054688e-03 2.080702781677246094e-02
3.925800323486328125e-03 1.018524169921875000e-02
1.349616050720214844e-02 9.865760803222656250e-04
9.833574295043945312e-03 1.313054561614990234e-02
2.739310264587402344e-03 9.230613708496093750e-03
1.457643508911132812e-02 9.831190109252929688e-03
2.693176269531250000e-03 2.023935317993164062e-03
6.736040115356445312e-03 3.881096839904785156e-03
4.013657569885253906e-03 4.097223281860351562e-03
7.149267196655273438e-02 5.361557006835937500e-03
6.540298461914062500e-03 8.554577827453613281e-03
1.611232757568359375e-03 8.325576782226562500e-04
7.486963272094726562e-02 1.128101348876953125e-02
1.827907562255859375e-02 1.353889703750610352e-02
7.569074630737304688e-03 1.937413215637207031e-02
5.597591400146484375e-03 1.592946052551269531e-02
1.736474037170410156e-02 6.869733333587646484e-03
1.849853992462158203e-02 5.897283554077148438e-03
5.557537078857421875e-04 9.873390197753906250e-03
1.673698425292968750e-04 1.248955726623535156e-02
1.583063602447509766e-02 1.671481132507324219e-02
1.880443096160888672e-02 5.002975463867187500e-03
1.067066192626953125e-02 6.902217864990234375e-05
1.259386539459228516e-02 5.180716514587402344e-03
7.976770401000976562e-03 1.882278919219970703e-02
1.036310195922851562e-02 2.109849452972412109e-02
1.891005039215087891e-02 2.451598644256591797e-03
1.760196685791015625e-02 2.208113670349121094e-03
7.149350643157958984e-02 7.936358451843261719e-03
1.883339881896972656e-02 3.757476806640625000e-03
1.882445812225341797e-02 2.734184265136718750e-03
3.608369827270507812e-02 3.322720527648925781e-03
1.454353332519531250e-03 2.726733684539794922e-02
1.403844356536865234e-02 5.193948745727539062e-04
6.055116653442382812e-03 7.367491722106933594e-03
1.766490936279296875e-02 1.844847202301025391e-02
6.750261783599853516e-02 1.863610744476318359e-02
4.558563232421875000e-03 1.239430904388427734e-02
3.818869590759277344e-03 2.525067329406738281e-02
1.779472827911376953e-02 2.046334743499755859e-02
4.572153091430664062e-03 2.105343341827392578e-02
1.107811927795410156e-02 1.276731491088867188e-03
