1.910078525543212891e-02 7.146596908569335938e-03
2.230370044708251953e-02 1.496928930282592773e-02
2.312326431274414062e-02 1.223117113113403320e-02
1.807379722595214844e-02 1.405954360961914062e-03
1.926481723785400391e-02 1.065278053283691406e-02
1.440525054931640625e-02 4.742026329040527344e-03
1.804029941558837891e-02 2.140283584594726562e-03
5.289804935455322266e-02 1.256465911865234375e-04
1.707375049591064453e-02 3.324985504150390625e-03
2.105045318603515625e-02 1.155066490173339844e-02
2.355134487152099609e-02 6.823122501373291016e-03
1.986682415008544922e-02 1.786571741104125977e-02
1.055073738098144531e-02 7.840991020202636719e-03
5.343997478485107422e-02 1.489830017089843750e-02
3.046584129333496094e-02 2.598214149475097656e-02
1.814162731170654297e-02 1.232492923736572266e-02
6.841945648193359375e-02 1.470625400543212891e-02
1.414740085601806641e-02 4.736185073852539062e-04
6.630063056945800781e-03 4.326105117797851562e-04
9.948492050170898438e-03 8.153557777404785156e-03
2.282488346099853516e-02 4.707574844360351562e-04
5.289816856384277344e-02 2.802610397338867188e-04
1.218056678771972656e-02 3.946304321289062500e-03
4.444479942321777344e-03 1.007318496704101562e-02
2.320218086242675781e-02 1.942747831344604492e-02
4.041719436645507812e-02 5.338072776794433594e-03
1.137316226959228516e-02 3.668665885925292969e-03
8.091270923614501953e-02 2.533006668090820312e-02
6.021261215209960938e-04 8.762478828430175781e-03
1.119840145111083984e-02 7.327914237976074219e-03
4.464900493621826172e-02 7.233977317810058594e-03
1.426684856414794922e-02 3.303527832031250000e-03
2.309763431549072266e-02 1.317143440246582031e-02
2.326071262359619141e-02 4.319906234741210938e-03
1.118814945220947266e-02 1.285707950592041016e-02
6.830334663391113281e-02 3.154301643371582031e-02
1.440310478210449219e-02 2.103376388549804688e-02
1.634073257446289062e-02 1.349806785583496094e-02
9.127855300903320312e-04 9.411573410034179688e-03
4.413700103759765625e-02 2.621746063232421875e-02
1.814436912536621094e-02 1.048910617828369141e-02
1.055216789245605469e-02 1.011264324188232422e-02
2.183556556701660156e-02 2.135610580444335938e-02
