7.479190826416015625e-04 1.308608055114746094e-02
2.238273620605468750e-03 1.725900173187255859e-02
3.288745880126953125e-03 7.215738296508789062e-04
1.366257667541503906e-02 2.213799953460693359e-02
3.662943840026855469e-03 1.003503799438476562e-02
1.943469047546386719e-03 5.632877349853515625e-03
6.660223007202148438e-03 2.691006660461425781e-02
7.082819938659667969e-03 5.621790885925292969e-03
6.989240646362304688e-04 2.211499214172363281e-02
1.180171966552734375e-05 6.780385971069335938e-03
1.935958862304687500e-03 9.970188140869140625e-03
1.477837562561035156e-03 1.113796234130859375e-02
4.003286361694335938e-03 2.384185791015625000e-04
6.463527679443359375e-04 1.421332359313964844e-03
1.064765453338623047e-02 4.921793937683105469e-03
5.704164505004882812e-03 1.500844955444335938e-04
1.839160919189453125e-03 1.613658666610717773e-02
9.146928787231445312e-04 1.181876659393310547e-02
6.605267524719238281e-03 6.062388420104980469e-03
1.415252685546875000e-03 1.675796508789062500e-02
4.852294921875000000e-03 8.606910705566406250e-03
3.161430358886718750e-04 5.522668361663818359e-03
5.894899368286132812e-04 2.259016036987304688e-04
8.723616600036621094e-03 2.042281627655029297e-02
7.341504096984863281e-03 9.586215019226074219e-03
5.545616149902343750e-04 1.167392730712890625e-02
6.224751472473144531e-03 1.659882068634033203e-02
5.394697189331054688e-03 3.996014595031738281e-03
3.965973854064941406e-03 7.334947586059570312e-03
1.910924911499023438e-03 4.531502723693847656e-03
2.153277397155761719e-03 5.151748657226562500e-03
4.814743995666503906e-03 3.102660179138183594e-03
1.649653911590576172e-02 9.315490722656250000e-03
3.926634788513183594e-03 7.422804832458496094e-03
6.496787071228027344e-03 1.226878166198730469e-02
1.712787151336669922e-02 7.261753082275390625e-03
1.947045326232910156e-03 9.829640388488769531e-03
3.861784934997558594e-03 2.293348312377929688e-03
1.338481903076171875e-03 1.150405406951904297e-02
1.938343048095703125e-04 8.292794227600097656e-03
1.923203468322753906e-03 8.002161979675292969e-03
5.964159965515136719e-03 5.533337593078613281e-03
3.686189651489257812e-03 7.187962532043457031e-03
