5.583167076110839844e-04 1.210951805114746094e-02
1.846253871917724609e-04 2.765536308288574219e-03
5.279779434204101562e-03 1.159727573394775391e-03
1.348316669464111328e-03 1.286864280700683594e-04
4.125148057937622070e-03 6.457567214965820312e-04
2.332538366317749023e-03 1.410305500030517578e-03
3.160178661346435547e-03 7.411539554595947266e-04
1.107245683670043945e-03 2.329945564270019531e-04
1.708164811134338379e-02 1.960161328315734863e-02
2.221703529357910156e-03 4.971265792846679688e-03
3.489583730697631836e-03 1.859784126281738281e-03
1.240760087966918945e-03 2.937912940979003906e-03
1.309931278228759766e-03 3.173708915710449219e-03
1.679062843322753906e-04 2.933770418167114258e-03
8.951127529144287109e-04 6.776154041290283203e-04
5.881786346435546875e-04 6.973296403884887695e-03
6.524503231048583984e-03 2.519547939300537109e-02
8.338987827301025391e-04 8.632242679595947266e-04
3.671348094940185547e-03 3.123462200164794922e-03
1.225769519805908203e-03 1.678556203842163086e-03
8.653104305267333984e-04 3.845006227493286133e-03
2.542138099670410156e-04 3.393143415451049805e-03
1.484185457229614258e-03 4.939407110214233398e-03
1.808285713195800781e-03 1.041322946548461914e-03
1.883685588836669922e-03 4.414021968841552734e-03
1.431077718734741211e-03 1.219272613525390625e-03
1.330316066741943359e-03 4.966467618942260742e-03
2.894401550292968750e-04 2.935230731964111328e-03
1.515984535217285156e-03 1.862168312072753906e-03
1.900553703308105469e-03 1.245558261871337891e-03
1.983731985092163086e-03 3.204435110092163086e-03
3.859102725982666016e-04 7.708042860031127930e-03
6.518155336380004883e-03 4.644066095352172852e-03
2.956628799438476562e-03 3.915101289749145508e-03
1.516848802566528320e-03 2.645909786224365234e-03
4.709064960479736328e-04 4.843503236770629883e-03
3.961473703384399414e-03 8.524060249328613281e-04
1.231074333190917969e-03 5.360305309295654297e-03
5.734562873840332031e-04 5.455851554870605469e-03
2.899765968322753906e-04 3.502666950225830078e-03
1.899600028991699219e-04 6.035923957824707031e-03
1.595973968505859375e-03 1.892000436782836914e-03
5.612373352050781250e-04 1.153349876403808594e-04
