1.366972923278808594e-03 9.717106819152832031e-03
4.025697708129882812e-03 7.786989212036132812e-03
2.102851867675781250e-04 7.621049880981445312e-03
4.281759262084960938e-03 5.530834197998046875e-03
5.618333816528320312e-04 3.778934478759765625e-04
2.368807792663574219e-03 5.987763404846191406e-03
4.229664802551269531e-03 8.296012878417968750e-03
5.637407302856445312e-04 8.063375949859619141e-03
1.193523406982421875e-03 3.562331199645996094e-03
9.975433349609375000e-04 1.285767555236816406e-02
3.743290901184082031e-03 6.415367126464843750e-03
2.005100250244140625e-03 5.479574203491210938e-03
1.807212829589843750e-04 1.339811086654663086e-02
4.432916641235351562e-03 1.151192188262939453e-02
3.276467323303222656e-03 1.915431022644042969e-02
9.251236915588378906e-03 1.770210266113281250e-02
1.573801040649414062e-03 1.502156257629394531e-03
6.291508674621582031e-03 1.083791255950927734e-02
8.966326713562011719e-03 8.884668350219726562e-04
1.112222671508789062e-03 2.108216285705566406e-03
1.119017601013183594e-03 1.830053329467773438e-02
1.028621196746826172e-02 1.792776584625244141e-02
3.583431243896484375e-04 4.946231842041015625e-03
1.589655876159667969e-03 2.222108840942382812e-02
3.085017204284667969e-03 1.089674234390258789e-02
6.319522857666015625e-03 1.317143440246582031e-02
7.887244224548339844e-03 2.239930629730224609e-02
3.018856048583984375e-03 8.617162704467773438e-03
9.491443634033203125e-04 1.846832036972045898e-02
5.287885665893554688e-03 5.594611167907714844e-03
4.148483276367187500e-05 4.465937614440917969e-03
6.282448768615722656e-03 1.263260841369628906e-03
1.699209213256835938e-03 1.023626327514648438e-02
2.524733543395996094e-03 8.051395416259765625e-04
1.991915702819824219e-02 7.954120635986328125e-03
6.347298622131347656e-03 6.070494651794433594e-03
1.749634742736816406e-03 1.331388950347900391e-02
3.870725631713867188e-03 3.412842750549316406e-03
6.193637847900390625e-03 8.664608001708984375e-03
4.907250404357910156e-03 3.751039505004882812e-03
1.156926155090332031e-03 9.059548377990722656e-03
9.366273880004882812e-04 1.143646240234375000e-02
1.504731178283691406e-02 2.136731147766113281e-02
