4.483222961425781250e-03 1.403987407684326172e-02
7.289409637451171875e-03 5.563855171203613281e-03
1.868844032287597656e-03 5.338311195373535156e-03
2.337217330932617188e-03 1.575142145156860352e-02
2.768039703369140625e-04 4.555106163024902344e-03
3.912448883056640625e-04 6.747484207153320312e-03
1.060843467712402344e-03 1.567244529724121094e-03
1.050233840942382812e-04 1.230180263519287109e-02
3.838181495666503906e-03 3.237247467041015625e-03
4.325032234191894531e-03 8.903384208679199219e-03
3.711223602294921875e-03 4.857659339904785156e-03
1.333069801330566406e-02 2.151441574096679688e-02
1.846790313720703125e-03 4.127144813537597656e-03
1.534461975097656250e-03 1.971876621246337891e-02
6.451606750488281250e-04 1.015055179595947266e-02
1.980066299438476562e-04 9.946107864379882812e-03
3.639817237854003906e-03 4.499912261962890625e-03
7.114052772521972656e-03 3.474473953247070312e-03
4.107832908630371094e-03 1.467561721801757812e-02
1.089870929718017578e-02 4.266142845153808594e-03
1.995205879211425781e-03 7.832169532775878906e-03
3.379225730895996094e-03 7.149815559387207031e-03
4.494667053222656250e-03 2.383089065551757812e-02
1.681208610534667969e-03 4.320025444030761719e-03
2.606153488159179688e-03 1.141858100891113281e-02
6.214737892150878906e-03 2.122211456298828125e-02
8.139014244079589844e-03 1.607418060302734375e-03
2.709031105041503906e-03 1.817941665649414062e-04
3.243923187255859375e-03 1.030457019805908203e-02
2.415537834167480469e-03 1.710295677185058594e-03
3.396630287170410156e-03 2.907037734985351562e-03
2.828836441040039062e-04 1.239234209060668945e-02
1.734972000122070312e-03 1.458883285522460938e-03
2.263069152832031250e-03 1.037931442260742188e-02
7.016658782958984375e-04 1.743650436401367188e-02
5.090236663818359375e-04 1.139640808105468750e-04
2.028346061706542969e-03 2.122426033020019531e-02
2.883434295654296875e-03 4.760384559631347656e-03
6.336092948913574219e-03 9.467124938964843750e-03
4.373788833618164062e-04 3.920793533325195312e-04
2.760887145996093750e-04 2.392852306365966797e-02
5.514740943908691406e-03 1.097321510314941406e-03
1.285076141357421875e-04 3.003597259521484375e-03
