5.963087081909179688e-03 9.937405586242675781e-03
7.461309432983398438e-04 1.707792282104492188e-03
1.171708106994628906e-03 1.412987709045410156e-03
3.993511199951171875e-04 1.285314559936523438e-02
1.862049102783203125e-03 4.972398281097412109e-03
5.412220954895019531e-03 1.355195045471191406e-02
5.398988723754882812e-04 7.255077362060546875e-04
6.438732147216796875e-03 1.577723026275634766e-02
2.840876579284667969e-03 2.940416336059570312e-03
4.176139831542968750e-03 3.271341323852539062e-03
3.507018089294433594e-03 1.471674442291259766e-02
4.272103309631347656e-03 6.768703460693359375e-03
3.417372703552246094e-03 1.858735084533691406e-02
6.273031234741210938e-03 9.265184402465820312e-03
8.559226989746093750e-05 6.061077117919921875e-03
2.334833145141601562e-03 2.581882476806640625e-02
1.314878463745117188e-03 1.020455360412597656e-02
7.367134094238281250e-05 1.355600357055664062e-02
6.115436553955078125e-04 6.036281585693359375e-03
1.260280609130859375e-03 7.633447647094726562e-03
6.053447723388671875e-03 1.176762580871582031e-02
3.143668174743652344e-03 7.899641990661621094e-03
2.871990203857421875e-03 8.372902870178222656e-03
2.124547958374023438e-03 5.657315254211425781e-03
5.997419357299804688e-04 8.832812309265136719e-03
2.470493316650390625e-03 2.536416053771972656e-03
4.322767257690429688e-03 6.275057792663574219e-03
1.421689987182617188e-03 3.393769264221191406e-03
6.692409515380859375e-04 7.914543151855468750e-03
2.005577087402343750e-03 1.248908042907714844e-02
1.484882831573486328e-02 8.960247039794921875e-03
3.504753112792968750e-03 1.085841655731201172e-02
5.241513252258300781e-03 1.162481307983398438e-02
2.265453338623046875e-03 1.270890235900878906e-03
1.633524894714355469e-03 8.305191993713378906e-03
3.333210945129394531e-03 6.773948669433593750e-03
3.047943115234375000e-03 1.924455165863037109e-02
7.300376892089843750e-04 2.419590950012207031e-03
3.210663795471191406e-03 7.657766342163085938e-03
2.189874649047851562e-04 1.036095619201660156e-02
7.179260253906250000e-03 6.818771362304687500e-03
3.016471862792968750e-03 9.300947189331054688e-03
1.549601554870605469e-03 1.388669013977050781e-03
