4.359750747680664062e-01 3.329730033874511719e-01
4.972257614135742188e-01 6.649808883666992188e-01
2.850980758666992188e-01 6.181678771972656250e-01
3.674926757812500000e-01 1.291221141815185547e+00
1.819219589233398438e-01 1.860323905944824219e+00
5.152632713317871094e+00 9.094604492187500000e+00
9.929025173187255859e-01 7.868812084197998047e-01
2.177333831787109375e-01 1.092855453491210938e+00
2.472400665283203125e-02 1.711055755615234375e+00
1.680374145507812500e-01 1.539982795715332031e+00
4.159951210021972656e-01 1.398628711700439453e+00
1.169404983520507812e-01 1.337522506713867188e+00
2.153892517089843750e-01 4.831161499023437500e-01
6.080055236816406250e-02 5.743217468261718750e-02
1.559410095214843750e-01 4.346404075622558594e-01
2.895469665527343750e-01 1.472252845764160156e+00
1.504487991333007812e-01 1.762135982513427734e+00
1.134013175964355469e+00 7.236070632934570312e-01
4.952144622802734375e-02 1.244065284729003906e+00
9.269690513610839844e-01 6.756587028503417969e-01
2.892818450927734375e-01 9.927597045898437500e-01
1.605529785156250000e-01 4.100646972656250000e-01
2.940368652343750000e-02 4.939594268798828125e-01
7.236714363098144531e-01 7.472240924835205078e-01
2.492504119873046875e-01 1.958252906799316406e+00
1.235676050186157227e+00 3.857467651367187500e+00
2.718734741210937500e-02 1.414704799652099609e+00
5.382165908813476562e-01 7.553815841674804688e-01
7.576670646667480469e-01 1.847572326660156250e-01
5.691146850585937500e-02 1.557381629943847656e+00
3.227050304412841797e-01 2.077127695083618164e+00
4.318284988403320312e-01 2.664833068847656250e-01
4.217033386230468750e-01 1.469507217407226562e-01
1.754293441772460938e-01 2.032205581665039062e+00
3.154869079589843750e-01 8.508257865905761719e-01
2.938556671142578125e-01 1.286169052124023438e+00
2.784023284912109375e-01 1.805707454681396484e+00
3.816075325012207031e-01 1.735987663269042969e+00
1.340169906616210938e-01 1.633702278137207031e+00
2.815637588500976562e-01 1.895143508911132812e+00
8.163423538208007812e-01 2.255819320678710938e+00
8.247261047363281250e-01 3.792432785034179688e+00
5.912389755249023438e-01 2.903652191162109375e-02
