2.882242202758789062e-03 2.697110176086425781e-04
4.038214683532714844e-04 4.555463790893554688e-03
9.360909461975097656e-05 7.561177015304565430e-03
1.929691433906555176e-02 1.833033561706542969e-02
3.759860992431640625e-04 9.444653987884521484e-04
2.065300941467285156e-04 3.852546215057373047e-04
5.610972642898559570e-03 4.508465528488159180e-03
1.505076885223388672e-03 2.193540334701538086e-03
1.986205577850341797e-03 1.686811447143554688e-03
3.282189369201660156e-03 3.816753625869750977e-03
1.027852296829223633e-03 2.066254615783691406e-03
1.298725605010986328e-03 5.760490894317626953e-03
5.451440811157226562e-04 1.098513603210449219e-03
1.208961009979248047e-03 1.843512058258056641e-03
5.619823932647705078e-04 2.645730972290039062e-03
1.488241553306579590e-02 1.903346180915832520e-02
1.408159732818603516e-04 9.400367736816406250e-03
4.007250070571899414e-03 3.920286893844604492e-03
1.486033201217651367e-03 1.758307218551635742e-03
3.462940454483032227e-03 2.859234809875488281e-04
4.198014736175537109e-03 1.617312431335449219e-03
3.651499748229980469e-03 9.318977594375610352e-03
4.451274871826171875e-04 1.390218734741210938e-03
1.009553670883178711e-03 1.621395349502563477e-03
9.817719459533691406e-03 7.523715496063232422e-03
1.108348369598388672e-03 2.025693655014038086e-03
1.310735940933227539e-03 4.274934530258178711e-03
8.823871612548828125e-04 4.623860120773315430e-03
2.106964588165283203e-03 1.973539590835571289e-03
1.447200775146484375e-04 1.569640636444091797e-02
4.392951726913452148e-03 5.514144897460937500e-03
2.052128314971923828e-03 2.445489168167114258e-03
6.314814090728759766e-04 5.625486373901367188e-04
1.408398151397705078e-03 5.269348621368408203e-04
5.964040756225585938e-04 1.975595951080322266e-03
4.411935806274414062e-03 1.969963312149047852e-03
2.993732690811157227e-03 1.717954874038696289e-03
8.793473243713378906e-04 1.067578792572021484e-03
1.300126314163208008e-03 3.781616687774658203e-03
1.789927482604980469e-03 8.959829807281494141e-03
3.351867198944091797e-04 1.552015542984008789e-03
2.084612846374511719e-03 8.335709571838378906e-05
6.697177886962890625e-04 6.477832794189453125e-04
