4.982441663742065430e-03 8.502632379531860352e-03
1.392185688018798828e-03 3.299623727798461914e-03
2.914369106292724609e-04 2.158463001251220703e-03
2.184510231018066406e-04 5.078911781311035156e-04
3.561526536941528320e-03 1.402962207794189453e-02
1.969188451766967773e-03 1.215070486068725586e-03
4.548281431198120117e-03 3.361105918884277344e-03
2.193272113800048828e-03 4.979491233825683594e-03
1.967847347259521484e-03 4.284441471099853516e-03
1.496791839599609375e-03 5.073696374893188477e-03
1.873105764389038086e-03 1.066192984580993652e-02
5.506575107574462891e-04 4.715204238891601562e-03
9.745359420776367188e-06 1.132488250732421875e-04
2.824842929840087891e-03 4.698514938354492188e-03
1.176744699478149414e-03 4.023820161819458008e-03
4.719346761703491211e-03 6.422102451324462891e-04
1.915633678436279297e-03 8.052885532379150391e-04
1.045176386833190918e-02 2.574697136878967285e-02
1.054853200912475586e-03 2.904713153839111328e-03
9.754896163940429688e-04 3.220021724700927734e-03
3.997623920440673828e-03 6.988346576690673828e-04
1.171651482582092285e-02 3.760397434234619141e-03
6.894171237945556641e-04 3.384619951248168945e-03
2.346783876419067383e-03 2.565383911132812500e-04
9.685754776000976562e-05 1.089751720428466797e-03
1.923263072967529297e-03 4.121124744415283203e-03
2.003639936447143555e-03 8.610248565673828125e-03
8.402764797210693359e-04 5.951136350631713867e-03
2.220690250396728516e-03 2.038836479187011719e-03
3.563106060028076172e-03 1.241266727447509766e-04
1.655310392379760742e-03 1.397788524627685547e-03
1.318126916885375977e-03 9.874373674392700195e-03
1.865267753601074219e-03 2.300322055816650391e-03
4.499256610870361328e-04 5.150616168975830078e-03
8.189678192138671875e-05 3.210604190826416016e-04
3.224313259124755859e-04 5.524247884750366211e-03
1.647561788558959961e-03 6.977707147598266602e-03
2.923786640167236328e-03 9.739756584167480469e-03
1.455962657928466797e-03 3.089308738708496094e-04
1.459419727325439453e-03 1.001000404357910156e-03
6.911158561706542969e-04 1.536190509796142578e-03
3.933012485504150391e-04 6.333768367767333984e-03
1.576542854309082031e-03 4.223436117172241211e-03
