9.208917617797851562e-04 1.192092895507812500e-07
3.574293851852416992e-02 5.960464477539062500e-07
5.148959159851074219e-02 1.049845814704895020e-01
2.232336997985839844e-02 3.576278686523437500e-07
6.641316413879394531e-02 1.247662305831909180e-01
3.281784057617187500e-02 6.103038787841796875e-02
1.856106519699096680e-02 1.668930053710937500e-06
4.215621948242187500e-02 8.344650268554687500e-07
1.320356130599975586e-02 3.576278686523437500e-07
1.747584342956542969e-02 4.109102487564086914e-02
1.390045881271362305e-01 2.512076497077941895e-01
5.819237232208251953e-02 1.185219287872314453e-01
9.870529174804687500e-04 6.178677082061767578e-03
6.959724426269531250e-02 1.247662305831909180e-01
2.987253665924072266e-02 4.109102487564086914e-02
2.354013919830322266e-02 2.384185791015625000e-07
2.273797988891601562e-03 1.192092895507812500e-07
3.151738643646240234e-02 8.344650268554687500e-07
5.824059247970581055e-02 1.311302185058593750e-06
4.455637931823730469e-02 1.008565425872802734e-01
1.182913780212402344e-03 1.746714115142822266e-03
4.264831542968750000e-03 2.622604370117187500e-06
6.112337112426757812e-03 1.950830221176147461e-02
4.310631752014160156e-02 8.344650268554687500e-07
1.642197370529174805e-02 1.192092895507812500e-07
1.130129098892211914e-01 2.324075102806091309e-01
1.471400260925292969e-03 8.073449134826660156e-03
4.975688457489013672e-02 1.311302185058593750e-06
1.001358032226562500e-05 5.960464477539062500e-07
3.275632858276367188e-03 4.206240177154541016e-03
3.268837928771972656e-03 1.192092895507812500e-07
2.247846126556396484e-02 2.384185791015625000e-07
8.568763732910156250e-04 1.746714115142822266e-03
5.871826410293579102e-02 9.652012586593627930e-02
1.531895995140075684e-01 2.690261006355285645e-01
3.681397438049316406e-02 6.017410755157470703e-02
8.657991886138916016e-03 1.225560903549194336e-02
7.508993148803710938e-04 9.536743164062500000e-07
6.888484954833984375e-02 1.408509612083435059e-01
4.223108291625976562e-03 3.576278686523437500e-07
1.272212862968444824e-01 2.325214147567749023e-01
3.482145071029663086e-02 3.576278686523437500e-07
9.030950069427490234e-02 1.804743409156799316e-01
