6.488561630249023438e-03 1.950544118881225586e-02
8.178192377090454102e-02 8.344650268554687500e-07
3.531885147094726562e-02 8.344650268554687500e-07
4.995584487915039062e-03 8.344650268554687500e-07
4.438436031341552734e-02 9.832853078842163086e-02
1.704734563827514648e-02 8.344650268554687500e-07
3.104925155639648438e-02 5.960464477539062500e-07
2.363801002502441406e-03 5.743324756622314453e-03
5.357158184051513672e-02 7.862013578414916992e-02
1.057192683219909668e-01 1.185153722763061523e-01
1.092672348022460938e-03 5.960464477539062500e-07
1.205337047576904297e-02 3.364497423171997070e-02
2.177584171295166016e-02 4.534518718719482422e-02
5.955934524536132812e-03 3.576278686523437500e-07
3.645062446594238281e-03 3.146320581436157227e-02
5.118250846862792969e-03 1.746714115142822266e-03
3.913414478302001953e-02 8.096998929977416992e-02
6.239634752273559570e-02 1.049845814704895020e-01
1.558959484100341797e-02 4.593354463577270508e-02
2.221405506134033203e-03 1.192092895507812500e-07
4.801392555236816406e-03 2.384185791015625000e-07
4.258990287780761719e-03 4.427671432495117188e-03
2.683115005493164062e-02 2.384185791015625000e-07
3.694891929626464844e-03 1.225560903549194336e-02
3.430187702178955078e-03 2.231657505035400391e-03
3.242921829223632812e-02 8.344650268554687500e-07
1.054458022117614746e-01 2.384185791015625000e-07
1.095890998840332031e-02 1.892030239105224609e-02
2.892029285430908203e-02 6.921428442001342773e-02
3.931725025177001953e-02 1.311302185058593750e-06
3.426539897918701172e-02 7.880580425262451172e-02
8.170855045318603516e-02 1.677212715148925781e-01
1.055359840393066406e-03 5.743324756622314453e-03
1.128172874450683594e-02 2.189034223556518555e-02
9.867662191390991211e-02 1.840794682502746582e-01
2.300202846527099609e-03 3.228664398193359375e-03
9.715771675109863281e-02 2.123063802719116211e-01
3.106772899627685547e-03 1.072883605957031250e-06
2.890074253082275391e-02 5.960464477539062500e-07
7.746100425720214844e-03 8.073449134826660156e-03
2.139151096343994141e-02 5.855125188827514648e-02
4.531300067901611328e-02 8.860445022583007812e-02
1.346021890640258789e-01 2.515645027160644531e-01
