1.286138892173767090e-01 2.325214147567749023e-01
7.011520862579345703e-02 1.445547938346862793e-01
6.167852878570556641e-02 1.247662305831909180e-01
1.643446683883666992e-01 2.853824496269226074e-01
6.674706935882568359e-03 1.192092895507812500e-06
2.972900867462158203e-02 3.576278686523437500e-07
4.196119308471679688e-02 9.832853078842163086e-02
1.230666041374206543e-01 2.123063802719116211e-01
2.391064167022705078e-02 7.146745920181274414e-02
3.363490104675292969e-03 4.427671432495117188e-03
1.756513118743896484e-02 3.855508565902709961e-02
3.450888395309448242e-02 2.384185791015625000e-07
4.483795166015625000e-02 8.860445022583007812e-02
4.965865612030029297e-02 1.008565425872802734e-01
8.538961410522460938e-04 1.072883605957031250e-06
1.404976844787597656e-02 3.146320581436157227e-02
2.787232398986816406e-03 1.783430576324462891e-03
3.007531166076660156e-02 4.593354463577270508e-02
9.818613529205322266e-03 2.622604370117187500e-06
9.719371795654296875e-02 2.384185791015625000e-07
1.471996307373046875e-03 3.227710723876953125e-03
1.645267605781555176e-01 2.853824496269226074e-01
5.692207813262939453e-02 1.185219287872314453e-01
6.285607814788818359e-03 1.430511474609375000e-06
4.348611831665039062e-02 7.152557373046875000e-07
4.496902227401733398e-02 7.880580425262451172e-02
4.195928573608398438e-03 3.228664398193359375e-03
5.600917339324951172e-02 9.652012586593627930e-02
2.455115318298339844e-03 5.743324756622314453e-03
7.009577751159667969e-02 1.344783306121826172e-01
2.658331394195556641e-02 8.344650268554687500e-07
2.515226602554321289e-02 4.768371582031250000e-07
3.210544586181640625e-03 2.622604370117187500e-06
7.544040679931640625e-03 5.725324153900146484e-03
3.459417819976806641e-02 6.921428442001342773e-02
3.571164608001708984e-02 7.880580425262451172e-02
1.168608665466308594e-03 3.576278686523437500e-07
1.182895898818969727e-02 1.688849925994873047e-02
3.323674201965332031e-03 1.192092895507812500e-07
2.930641174316406250e-03 1.746714115142822266e-03
3.820902109146118164e-02 3.576278686523437500e-07
3.830391168594360352e-02 1.668930053710937500e-06
7.361161708831787109e-02 1.445547938346862793e-01
