1.623988151550292969e-03 1.283699274063110352e-02
3.645420074462890625e-04 8.123636245727539062e-03
2.840876579284667969e-03 3.027796745300292969e-03
6.862640380859375000e-03 7.840275764465332031e-03
4.204273223876953125e-03 2.987027168273925781e-03
6.293058395385742188e-04 5.259215831756591797e-03
4.504919052124023438e-04 8.412361145019531250e-03
2.052903175354003906e-03 8.247017860412597656e-03
1.386404037475585938e-04 3.374338150024414062e-03
3.850936889648437500e-03 1.720905303955078125e-03
4.186511039733886719e-03 7.154107093811035156e-03
3.462910652160644531e-03 6.220936775207519531e-03
3.771185874938964844e-03 4.427194595336914062e-03
1.430988311767578125e-03 1.287412643432617188e-02
3.021240234375000000e-03 8.215904235839843750e-03
3.778696060180664062e-03 7.734060287475585938e-03
1.341581344604492188e-03 1.149857044219970703e-02
7.381439208984375000e-04 1.598459482192993164e-02
4.561185836791992188e-03 9.518861770629882812e-03
1.311779022216796875e-03 1.084822416305541992e-02
7.815957069396972656e-03 2.992987632751464844e-03
1.125323772430419922e-02 2.193689346313476562e-02
1.084995269775390625e-02 1.330614089965820312e-02
1.321792602539062500e-03 1.929259300231933594e-02
8.667707443237304688e-04 4.713892936706542969e-03
6.396651268005371094e-03 6.695508956909179688e-03
1.323688030242919922e-02 2.170372009277343750e-02
2.232670783996582031e-03 1.136356592178344727e-02
4.747629165649414062e-03 4.335284233093261719e-03
4.905223846435546875e-03 4.522919654846191406e-03
6.855130195617675781e-03 2.185952663421630859e-02
5.695819854736328125e-04 1.360249519348144531e-02
1.050317287445068359e-02 7.568120956420898438e-03
1.235187053680419922e-02 2.214479446411132812e-02
1.270771026611328125e-03 1.196038722991943359e-02
1.025438308715820312e-03 9.475469589233398438e-03
5.400538444519042969e-03 8.522629737854003906e-03
1.557826995849609375e-03 8.181929588317871094e-03
2.710223197937011719e-03 1.337504386901855469e-02
1.795887947082519531e-03 1.189100742340087891e-02
4.198551177978515625e-04 5.446672439575195312e-04
2.293467521667480469e-03 1.114368438720703125e-03
7.841944694519042969e-03 1.639068126678466797e-02
