2.678680419921875000e-02 2.440261840820312500e-02
1.115417480468750000e-02 1.851272583007812500e-02
1.342773437500000000e-03 3.702926635742187500e-02
4.764556884765625000e-03 3.124237060546875000e-03
1.776123046875000000e-02 1.750183105468750000e-02
5.517578125000000000e-02 1.031036376953125000e-01
3.408432006835937500e-02 2.530288696289062500e-02
1.744842529296875000e-02 5.525207519531250000e-02
3.024673461914062500e-02 3.326416015625000000e-02
1.544952392578125000e-03 2.394104003906250000e-02
3.379821777343750000e-02 1.598739624023437500e-02
3.828430175781250000e-02 2.106399536132812500e-01
1.358795166015625000e-02 4.203033447265625000e-02
4.684448242187500000e-03 9.536743164062500000e-05
2.467727661132812500e-02 2.486801147460937500e-02
2.822875976562500000e-02 2.884292602539062500e-02
7.142639160156250000e-02 1.465988159179687500e-02
4.286193847656250000e-02 8.945465087890625000e-03
7.251739501953125000e-03 2.389144897460937500e-02
2.269744873046875000e-02 3.525924682617187500e-02
5.310058593750000000e-03 1.180648803710937500e-02
1.979827880859375000e-02 3.189086914062500000e-03
1.834869384765625000e-03 4.537963867187500000e-02
3.276824951171875000e-02 6.763458251953125000e-02
2.246856689453125000e-02 2.040100097656250000e-02
1.997375488281250000e-02 1.637649536132812500e-02
3.047943115234375000e-02 3.951263427734375000e-02
6.457138061523437500e-02 8.475875854492187500e-02
3.359222412109375000e-02 5.278778076171875000e-02
1.280212402343750000e-02 2.309799194335937500e-02
2.500152587890625000e-02 4.119873046875000000e-04
2.836227416992187500e-02 5.742263793945312500e-02
1.775741577148437500e-02 9.918212890625000000e-02
6.233215332031250000e-03 1.000595092773437500e-02
2.672195434570312500e-02 3.968811035156250000e-02
4.430389404296875000e-02 1.330184936523437500e-02
3.137969970703125000e-02 7.458114624023437500e-02
1.008987426757812500e-02 6.046295166015625000e-03
2.706527709960937500e-02 2.402114868164062500e-02
1.816558837890625000e-02 7.896423339843750000e-04
1.770019531250000000e-02 6.790542602539062500e-02
1.802062988281250000e-02 7.514190673828125000e-02
9.536743164062500000e-04 3.102874755859375000e-02
