1.659393310546875000e-04 6.245851516723632812e-03
1.047956943511962891e-02 8.668184280395507812e-03
1.133203506469726562e-03 4.485726356506347656e-03
2.634763717651367188e-03 1.192247867584228516e-02
1.093232631683349609e-02 1.958417892456054688e-02
1.066768169403076172e-02 4.413843154907226562e-03
8.879899978637695312e-04 1.255565881729125977e-02
1.077294349670410156e-03 2.112388610839843750e-03
1.617312431335449219e-03 1.230823993682861328e-02
8.741497993469238281e-03 1.264417171478271484e-02
7.784366607666015625e-04 2.182567119598388672e-02
7.253170013427734375e-03 2.033150196075439453e-02
8.593797683715820312e-03 2.633571624755859375e-03
4.013061523437500000e-03 1.309394836425781250e-03
2.624154090881347656e-03 2.748847007751464844e-03
6.556510925292968750e-05 8.417010307312011719e-03
2.152919769287109375e-04 8.608818054199218750e-03
1.236438751220703125e-03 5.501151084899902344e-03
2.762079238891601562e-03 5.516290664672851562e-03
1.276719570159912109e-02 2.377939224243164062e-02
3.064393997192382812e-03 1.793920993804931641e-02
2.342581748962402344e-03 1.824736595153808594e-02
4.929304122924804688e-04 1.950514316558837891e-02
2.254247665405273438e-04 8.072257041931152344e-03
3.123998641967773438e-03 7.765650749206542969e-03
4.431605339050292969e-03 9.865283966064453125e-03
7.718801498413085938e-04 3.289639949798583984e-03
1.047968864440917969e-03 1.009857654571533203e-02
3.008723258972167969e-03 1.367545127868652344e-02
1.273608207702636719e-02 1.115167140960693359e-02
4.413485527038574219e-03 1.125526428222656250e-02
2.082824707031250000e-03 6.191730499267578125e-04
1.534092426300048828e-02 3.079652786254882812e-03
8.174180984497070312e-04 1.934766769409179688e-03
6.409525871276855469e-03 4.685997962951660156e-03
8.481740951538085938e-04 3.072857856750488281e-03
2.297043800354003906e-03 1.945757865905761719e-02
5.209445953369140625e-05 1.485824584960937500e-03
6.208419799804687500e-04 1.429295539855957031e-02
3.009676933288574219e-03 6.926059722900390625e-03
4.293322563171386719e-03 7.362484931945800781e-03
3.113389015197753906e-03 9.644985198974609375e-03
2.215504646301269531e-03 1.779478788375854492e-02
