3.099143505096435547e-04 1.053065061569213867e-03
3.001451492309570312e-03 4.101812839508056641e-03
2.140700817108154297e-03 8.044540882110595703e-04
1.584577560424804688e-02 2.356326580047607422e-02
6.070137023925781250e-04 5.399227142333984375e-03
2.985090017318725586e-03 3.058701753616333008e-03
6.504029035568237305e-03 2.388209104537963867e-03
1.518487930297851562e-03 5.024820566177368164e-03
1.325577497482299805e-03 1.939952373504638672e-03
3.778576850891113281e-03 1.480922102928161621e-02
2.364188432693481445e-03 2.079486846923828125e-03
9.335279464721679688e-04 2.288043498992919922e-03
2.362996339797973633e-03 4.429548978805541992e-03
1.775720715522766113e-02 1.862737536430358887e-02
7.048845291137695312e-03 5.393087863922119141e-03
1.385331153869628906e-03 3.257781267166137695e-03
1.011401414871215820e-03 3.415405750274658203e-03
2.149641513824462891e-04 1.562952995300292969e-03
4.838407039642333984e-03 7.745534181594848633e-03
3.613263368606567383e-03 3.775298595428466797e-03
1.645684242248535156e-04 6.836086511611938477e-03
9.958297014236450195e-03 5.434304475784301758e-03
4.129797220230102539e-03 5.626976490020751953e-04
1.307159662246704102e-03 4.574447870254516602e-03
2.611279487609863281e-04 1.282691955566406250e-03
1.895019412040710449e-02 1.933720707893371582e-02
1.149058341979980469e-03 2.968102693557739258e-03
2.544522285461425781e-04 3.726691007614135742e-03
3.729045391082763672e-03 2.285331487655639648e-03
8.829832077026367188e-04 3.023654222488403320e-03
5.368292331695556641e-04 1.588821411132812500e-03
1.112952828407287598e-02 5.177885293960571289e-03
2.871602773666381836e-03 4.794627428054809570e-03
9.664893150329589844e-04 1.139104366302490234e-03
1.664459705352783203e-04 1.162648200988769531e-03
1.613080501556396484e-03 1.496881246566772461e-03
1.665025949478149414e-03 1.009911298751831055e-03
3.541141748428344727e-03 1.605451107025146484e-04
3.131628036499023438e-04 8.220374584197998047e-04
2.582371234893798828e-04 2.606987953186035156e-03
6.458759307861328125e-04 1.725554466247558594e-03
1.548260450363159180e-03 1.079142093658447266e-03
3.043919801712036133e-03 2.283692359924316406e-03
