8.468031883239746094e-04 4.895746707916259766e-03
9.522140026092529297e-04 1.605004072189331055e-03
4.194080829620361328e-04 1.570463180541992188e-03
2.167880535125732422e-03 2.462118864059448242e-03
8.612066507339477539e-03 1.142516732215881348e-02
5.032449960708618164e-03 6.967127323150634766e-03
1.505494117736816406e-03 1.053810119628906250e-04
4.550814628601074219e-03 7.334917783737182617e-03
1.077473163604736328e-03 9.558677673339843750e-03
7.333457469940185547e-03 8.448690176010131836e-03
1.927831768989562988e-02 1.744705438613891602e-02
1.474618911743164062e-03 1.630693674087524414e-03
1.056641340255737305e-03 3.257483243942260742e-03
5.399584770202636719e-04 4.360795021057128906e-03
1.088827848434448242e-03 7.457137107849121094e-04
4.057377576828002930e-03 1.853048801422119141e-03
1.640513539314270020e-02 1.469624042510986328e-02
2.277582883834838867e-03 3.378808498382568359e-03
1.931190490722656250e-03 1.380681991577148438e-03
5.042850971221923828e-03 9.389221668243408203e-04
1.960217952728271484e-03 1.380741596221923828e-04
4.256367683410644531e-04 1.222553849220275879e-02
5.494654178619384766e-04 5.999624729156494141e-03
7.341951131820678711e-03 2.098798751831054688e-03
4.783511161804199219e-03 3.692686557769775391e-03
2.598732709884643555e-03 5.913197994232177734e-03
4.147350788116455078e-03 2.272754907608032227e-03
3.399550914764404297e-04 2.347856760025024414e-03
6.873011589050292969e-04 4.028379917144775391e-04
1.062920689582824707e-02 1.163631677627563477e-03
1.547127962112426758e-03 6.789177656173706055e-03
3.170579671859741211e-03 3.702491521835327148e-03
4.937648773193359375e-04 3.069669008255004883e-03
4.664361476898193359e-03 8.410513401031494141e-04
2.132296562194824219e-03 2.751767635345458984e-03
3.482222557067871094e-03 1.470416784286499023e-03
9.477138519287109375e-04 2.984106540679931641e-04
2.036064863204956055e-03 6.362795829772949219e-04
8.015364408493041992e-03 6.308883428573608398e-03
8.926987648010253906e-04 5.074620246887207031e-03
1.215398311614990234e-03 8.536517620086669922e-03
1.887530088424682617e-03 2.923727035522460938e-03
5.540817975997924805e-03 9.098827838897705078e-03
