8.363485336303710938e-03 4.908412694931030273e-03
4.180282354354858398e-03 4.091471433639526367e-03
7.407993078231811523e-03 9.900033473968505859e-04
1.623937487602233887e-02 9.693980216979980469e-03
7.906407117843627930e-03 5.294263362884521484e-03
8.914202451705932617e-03 3.161579370498657227e-03
5.649328231811523438e-03 8.873939514160156250e-04
1.431241631507873535e-02 5.763709545135498047e-03
2.579331398010253906e-03 5.915164947509765625e-04
3.110224008560180664e-02 1.600146293640136719e-02
1.127690076828002930e-03 1.437154412269592285e-02
2.863407135009765625e-03 7.698237895965576172e-04
9.187728166580200195e-03 2.569824457168579102e-03
2.955168485641479492e-03 3.941833972930908203e-03
3.925383090972900391e-03 2.719938755035400391e-03
1.306590437889099121e-02 5.868166685104370117e-03
1.444101333618164062e-02 3.800362348556518555e-03
1.710271835327148438e-02 9.660512208938598633e-03
6.101042032241821289e-03 1.163989305496215820e-03
1.049578189849853516e-03 1.868903636932373047e-04
1.313149929046630859e-03 8.895099163055419922e-04
3.467649221420288086e-03 1.562386751174926758e-02
2.704083919525146484e-03 2.609759569168090820e-03
3.321707248687744141e-03 1.032352447509765625e-03
2.963483333587646484e-03 3.556013107299804688e-04
4.792690277099609375e-03 4.016250371932983398e-03
1.528739929199218750e-03 3.129094839096069336e-03
2.316951751708984375e-03 6.310462951660156250e-03
4.837006330490112305e-03 3.494411706924438477e-03
2.610087394714355469e-04 1.872450113296508789e-03
3.747522830963134766e-03 8.170098066329956055e-03
3.369748592376708984e-04 2.625733613967895508e-03
2.076625823974609375e-04 3.005772829055786133e-03
6.123334169387817383e-03 4.764527082443237305e-03
2.819180488586425781e-03 8.687406778335571289e-03
1.412838697433471680e-02 7.331013679504394531e-03
3.348261117935180664e-03 1.849383115768432617e-03
1.240012049674987793e-02 1.340210437774658203e-03
3.958135843276977539e-03 9.406208992004394531e-03
3.526717424392700195e-03 3.431737422943115234e-04
7.984548807144165039e-03 3.206253051757812500e-03
3.296941518783569336e-03 3.199875354766845703e-03
1.709944009780883789e-02 1.040923595428466797e-02
