3.471908569335937500e-01 5.736160278320312500e-02
5.228080749511718750e-01 7.719039916992187500e-02
1.671905517578125000e-01 1.261901855468750000e-02
3.371925354003906250e-01 1.420593261718750000e-02
1.902198791503906250e-01 9.475326538085937500e-02
1.230239868164062500e-01 1.701469421386718750e-01
9.719085693359375000e-02 1.093673706054687500e-02
5.928077697753906250e-01 2.285614013671875000e-01
3.571929931640625000e-01 3.244400024414062500e-02
3.071899414062500000e-01 3.870391845703125000e-02
2.353935241699218750e-01 1.652526855468750000e-02
3.228073120117187500e-01 3.942871093750000000e-02
1.222038269042968750e-01 6.102752685546875000e-02
7.190704345703125000e-03 3.636932373046875000e-02
3.271903991699218750e-01 1.913452148437500000e-02
1.027946472167968750e-01 2.047348022460937500e-02
1.871910095214843750e-01 2.510833740234375000e-02
1.981620788574218750e-01 6.046295166015625000e-03
2.719116210937500000e-02 8.129119873046875000e-03
9.719085693359375000e-02 9.860992431640625000e-03
1.228103637695312500e-01 9.929656982421875000e-03
7.190704345703125000e-03 2.907180786132812500e-02
1.871910095214843750e-01 6.599426269531250000e-03
3.471908569335937500e-01 2.082443237304687500e-02
1.771926879882812500e-01 2.230072021484375000e-02
2.381439208984375000e-01 7.999420166015625000e-03
2.628097534179687500e-01 3.721237182617187500e-02
8.280944824218750000e-02 4.401397705078125000e-02
2.528076171875000000e-01 1.458740234375000000e-02
2.771911621093750000e-01 1.972198486328125000e-03
2.807617187500000000e-03 1.092910766601562500e-02
5.528068542480468750e-01 9.877014160156250000e-02
2.471923828125000000e-01 2.779006958007812500e-02
5.228080749511718750e-01 7.116317749023437500e-02
3.471908569335937500e-01 2.222824096679687500e-02
2.627449035644531250e-01 1.660537719726562500e-02
1.228103637695312500e-01 7.911682128906250000e-03
2.328071594238281250e-01 2.443313598632812500e-02
3.071899414062500000e-01 2.677917480468750000e-03
3.571929931640625000e-01 3.378677368164062500e-02
1.859855651855468750e-01 9.941482543945312500e-02
1.280975341796875000e-02 6.142044067382812500e-02
2.719116210937500000e-02 1.243591308593750000e-03
