4.873871803283691406e-03 1.050472259521484375e-02
3.624081611633300781e-03 8.954524993896484375e-03
1.024150848388671875e-02 1.852011680603027344e-02
2.269744873046875000e-04 1.270782947540283203e-02
7.481694221496582031e-03 5.032658576965332031e-03
2.634406089782714844e-03 2.229571342468261719e-02
9.429335594177246094e-03 3.025054931640625000e-03
1.406788825988769531e-03 8.772969245910644531e-03
2.314209938049316406e-03 2.295422554016113281e-02
4.918575286865234375e-03 1.972198486328125000e-03
3.074169158935546875e-03 8.650541305541992188e-03
5.374670028686523438e-03 8.294582366943359375e-04
4.141330718994140625e-04 1.536846160888671875e-03
5.307197570800781250e-03 1.758909225463867188e-02
2.224445343017578125e-03 4.520654678344726562e-03
2.264976501464843750e-05 7.981181144714355469e-03
3.801703453063964844e-03 6.329298019409179688e-03
7.551908493041992188e-04 2.977848052978515625e-04
4.042029380798339844e-03 1.985311508178710938e-03
7.485151290893554688e-04 2.183240652084350586e-02
8.944272994995117188e-03 5.272984504699707031e-03
1.446843147277832031e-03 6.382226943969726562e-03
7.066726684570312500e-04 7.112026214599609375e-03
4.913806915283203125e-04 2.062439918518066406e-03
2.776622772216796875e-03 1.277333498001098633e-02
1.134872436523437500e-03 1.924622058868408203e-02
2.126216888427734375e-03 1.484012603759765625e-02
1.229882240295410156e-03 1.265048980712890625e-02
3.234148025512695312e-03 1.589775085449218750e-03
6.550431251525878906e-03 5.044102668762207031e-03
1.174640655517578125e-02 4.278302192687988281e-03
8.290171623229980469e-03 5.849242210388183594e-03
4.340410232543945312e-04 1.803010702133178711e-02
9.493827819824218750e-04 1.228135824203491211e-02
2.677321434020996094e-03 4.730582237243652344e-03
4.386901855468750000e-04 1.798093318939208984e-02
3.858447074890136719e-03 6.815612316131591797e-03
1.676225662231445312e-02 9.362220764160156250e-03
7.945299148559570312e-04 1.964509487152099609e-02
3.390312194824218750e-03 3.220677375793457031e-03
5.676388740539550781e-03 2.134633064270019531e-02
1.403093338012695312e-04 2.777576446533203125e-03
6.095528602600097656e-03 1.328563690185546875e-02
