3.390878438949584961e-03 1.322239637374877930e-03
3.631353378295898438e-03 2.096295356750488281e-04
1.470148563385009766e-04 3.813982009887695312e-03
3.627538681030273438e-04 3.896266222000122070e-03
1.977264881134033203e-03 2.356469631195068359e-04
2.896189689636230469e-03 4.940211772918701172e-03
8.652806282043457031e-04 2.514004707336425781e-03
3.183305263519287109e-03 4.997849464416503906e-05
8.266568183898925781e-04 5.661696195602416992e-03
8.611977100372314453e-04 1.840710639953613281e-03
7.936358451843261719e-05 1.161038875579833984e-03
4.939436912536621094e-04 8.821964263916015625e-03
3.997236490249633789e-03 1.892089843750000000e-03
3.924071788787841797e-04 3.723412752151489258e-03
1.695781946182250977e-03 5.376338958740234375e-04
8.959472179412841797e-04 2.450942993164062500e-04
3.953278064727783203e-04 1.905411481857299805e-03
3.975629806518554688e-05 1.514732837677001953e-03
3.184407949447631836e-03 4.763364791870117188e-03
1.979649066925048828e-02 1.764345169067382812e-02
1.310318708419799805e-03 9.462237358093261719e-05
2.202689647674560547e-04 3.874301910400390625e-04
3.108680248260498047e-04 3.711342811584472656e-03
2.683997154235839844e-03 1.386487483978271484e-02
1.525670289993286133e-03 4.439651966094970703e-03
2.530783414840698242e-03 2.765327692031860352e-03
1.664638519287109375e-03 6.802350282669067383e-03
4.308789968490600586e-03 7.937818765640258789e-03
4.934370517730712891e-04 2.584308385848999023e-03
5.175739526748657227e-03 9.602904319763183594e-03
2.152740955352783203e-03 5.157202482223510742e-03
3.639757633209228516e-03 7.942020893096923828e-04
1.446098089218139648e-03 3.357261419296264648e-03
1.380592584609985352e-03 5.845963954925537109e-03
9.579628705978393555e-03 7.306873798370361328e-03
5.536973476409912109e-04 2.871662378311157227e-03
1.724869012832641602e-03 6.689429283142089844e-04
1.187860965728759766e-03 6.440997123718261719e-03
2.303719520568847656e-04 4.254639148712158203e-03
8.025169372558593750e-04 2.142071723937988281e-03
6.368160247802734375e-04 1.003068685531616211e-02
1.647025346755981445e-03 9.315639734268188477e-03
3.144651651382446289e-03 5.466639995574951172e-04
