1.959400177001953125e-01 1.214283943176269531e+00
1.229333877563476562e-01 1.471830368041992188e+00
2.169027328491210938e-01 1.428937911987304688e+00
1.112518310546875000e-01 2.061558723449707031e+00
3.879909515380859375e-01 1.418017387390136719e+00
5.728473663330078125e-01 7.565593719482421875e-01
6.339049339294433594e-01 1.813702583312988281e+00
7.772159576416015625e-02 1.016176223754882812e+00
7.209300994873046875e-02 1.531924247741699219e+00
1.906967163085937500e-01 1.383274078369140625e+00
4.534149169921875000e-02 1.751141071319580078e+00
3.986864089965820312e-01 2.076808929443359375e+00
1.702880859375000000e-02 4.283771514892578125e-01
3.392124176025390625e-02 1.807991981506347656e+00
1.407730579376220703e-02 4.777793884277343750e+00
3.488540649414062500e-02 1.855921745300292969e+00
5.809211730957031250e-02 1.873054504394531250e+00
3.736181259155273438e-01 2.127642154693603516e+00
4.480152130126953125e-01 6.726646423339843750e-01
8.386058211326599121e-01 4.820046424865722656e+00
3.591198921203613281e-01 7.755661010742187500e-01
4.286193847656250000e-02 3.874177932739257812e-01
3.921785354614257812e-01 4.658803939819335938e-01
3.026304244995117188e-01 1.137651920318603516e+00
4.800453186035156250e-01 2.205585479736328125e+00
3.513183593750000000e-01 1.092364311218261719e+00
3.937684297561645508e-01 1.699189901351928711e+00
1.265869140625000000e-01 5.789079666137695312e-01
1.419649124145507812e-01 1.450452804565429688e+00
8.254375457763671875e-01 2.172708511352539062e-01
4.560012817382812500e-01 9.765634536743164062e-01
2.115850448608398438e-01 4.014902114868164062e-01
2.791414260864257812e-01 1.303300857543945312e-01
1.262826919555664062e-01 1.423939704895019531e+00
4.957866668701171875e-01 1.002883195877075195e+00
5.712604522705078125e-02 2.619682312011718750e+00
9.774456024169921875e-01 1.363734245300292969e+00
2.942551970481872559e-01 4.295534133911132812e+00
5.416488647460937500e-02 1.831608772277832031e+00
6.108264923095703125e-01 4.448270797729492188e-01
5.944538116455078125e-02 3.743181228637695312e-01
2.690219879150390625e-02 1.904727935791015625e+00
1.662416458129882812e-01 1.254510879516601562e-01
