2.035737037658691406e-03 9.241700172424316406e-05
2.827227115631103516e-03 8.298754692077636719e-04
5.724161863327026367e-03 1.264581084251403809e-02
7.438659667968750000e-05 2.726435661315917969e-03
2.237775921821594238e-02 2.041208744049072266e-02
2.843439579010009766e-03 2.835631370544433594e-03
4.757344722747802734e-04 8.526504039764404297e-03
1.125037670135498047e-03 1.813977956771850586e-03
3.435790538787841797e-03 1.344591379165649414e-03
2.315521240234375000e-03 3.629714250564575195e-03
1.917779445648193359e-04 1.299291849136352539e-03
1.029074192047119141e-04 5.047291517257690430e-03
1.306295394897460938e-03 3.864318132400512695e-03
1.337319612503051758e-03 1.672297716140747070e-03
1.424223184585571289e-03 1.557946205139160156e-03
3.001689910888671875e-03 1.586675643920898438e-04
3.587186336517333984e-03 1.140505075454711914e-03
1.024991273880004883e-03 3.964304924011230469e-04
1.155397295951843262e-02 1.105746626853942871e-02
1.522600650787353516e-04 1.162409782409667969e-03
1.262992620468139648e-03 5.403101444244384766e-03
2.475559711456298828e-03 1.800626516342163086e-03
5.309283733367919922e-03 5.697906017303466797e-04
7.799267768859863281e-04 3.292173147201538086e-03
2.422600984573364258e-03 3.397136926651000977e-03
5.147755146026611328e-04 3.129243850708007812e-06
2.272278070449829102e-03 2.109885215759277344e-03
4.163295030593872070e-03 1.139789819717407227e-03
1.969933509826660156e-04 5.933821201324462891e-03
3.944218158721923828e-03 1.529037952423095703e-03
5.503892898559570312e-04 3.300279378890991211e-03
1.580059528350830078e-03 3.972411155700683594e-03
1.417279243469238281e-03 2.213209867477416992e-03
4.280090332031250000e-03 2.432972192764282227e-03
2.112585306167602539e-02 1.878079771995544434e-02
2.252370119094848633e-03 2.063482999801635742e-03
2.535670995712280273e-03 1.784294843673706055e-03
4.526376724243164062e-04 5.303472280502319336e-03
3.324568271636962891e-03 7.740855216979980469e-04
4.709750413894653320e-03 4.062563180923461914e-03
2.053499221801757812e-03 8.386671543121337891e-04
3.735631704330444336e-03 1.097857952117919922e-03
4.497021436691284180e-03 4.357963800430297852e-03
