1.319980621337890625e-02 4.342675209045410156e-03
1.083946228027343750e-02 2.547490596771240234e-02
1.319408416748046875e-03 5.989193916320800781e-03
8.070230484008789062e-03 1.494097709655761719e-02
2.828121185302734375e-03 1.210379600524902344e-02
3.885149955749511719e-03 6.430268287658691406e-03
5.561709403991699219e-03 2.996444702148437500e-03
6.023645401000976562e-04 5.947709083557128906e-03
4.623532295227050781e-03 5.039453506469726562e-03
5.071163177490234375e-04 5.219578742980957031e-03
1.012921333312988281e-03 3.331899642944335938e-03
1.597285270690917969e-03 4.634857177734375000e-03
4.990220069885253906e-03 5.207419395446777344e-03
5.401134490966796875e-03 6.654262542724609375e-03
2.248167991638183594e-03 2.051353454589843750e-03
9.177327156066894531e-03 4.009008407592773438e-04
2.217292785644531250e-04 8.781790733337402344e-03
1.622557640075683594e-03 2.388000488281250000e-02
8.189916610717773438e-03 7.607579231262207031e-03
3.937721252441406250e-03 3.817200660705566406e-03
1.196348667144775391e-02 2.056598663330078125e-02
2.123713493347167969e-03 3.370642662048339844e-03
4.134058952331542969e-03 4.817605018615722656e-03
8.402347564697265625e-03 2.763414382934570312e-02
2.251386642456054688e-03 5.216538906097412109e-03
6.417393684387207031e-03 3.971099853515625000e-03
1.055788993835449219e-02 1.983904838562011719e-02
1.070857048034667969e-03 4.070997238159179688e-04
3.786087036132812500e-03 6.828665733337402344e-03
1.124739646911621094e-03 1.019155979156494141e-02
3.501892089843750000e-03 1.447069644927978516e-02
2.244591712951660156e-03 2.078533172607421875e-03
3.619074821472167969e-03 1.730084419250488281e-02
6.489753723144531250e-04 4.627943038940429688e-03
3.718018531799316406e-03 3.036141395568847656e-02
9.906291961669921875e-05 1.900863647460937500e-02
1.287996768951416016e-02 3.041744232177734375e-03
5.084276199340820312e-04 5.201339721679687500e-03
2.986669540405273438e-03 1.755571365356445312e-02
1.468420028686523438e-03 5.124092102050781250e-03
5.990266799926757812e-04 2.659094333648681641e-02
2.638339996337890625e-03 1.898777484893798828e-02
1.191377639770507812e-03 7.858753204345703125e-03
