6.594762802124023438e-01 1.548791885375976562e+00
1.111689925193786621e+00 3.410262823104858398e+00
1.265181541442871094e+00 2.795743942260742188e-01
4.654769897460937500e-01 9.070577621459960938e-01
5.263814926147460938e-01 1.845529079437255859e+00
4.723968505859375000e-01 7.925605773925781250e-01
9.614419937133789062e-01 1.778106689453125000e+00
7.969312667846679688e-01 1.685764312744140625e+00
1.024497985839843750e+00 4.442179679870605469e+00
1.149558067321777344e+00 1.289096832275390625e+00
1.043451309204101562e+00 3.555765151977539062e-01
1.998106956481933594e+00 2.632846832275390625e-01
7.084188461303710938e-01 1.698914527893066406e+00
9.671788215637207031e-01 6.963543891906738281e-01
3.973555564880371094e-01 1.235727310180664062e+00
2.280597686767578125e-01 1.102149009704589844e+00
4.358415603637695312e-01 6.199445724487304688e-01
1.299131870269775391e+00 4.190859317779541016e+00
1.497812271118164062e-01 1.651397705078125000e+00
6.716012954711914062e-01 5.713138580322265625e-01
1.821784973144531250e-01 4.575446128845214844e+00
3.341598510742187500e-01 9.347133636474609375e-01
3.131179809570312500e-01 5.879478454589843750e-01
5.903682708740234375e-01 9.112739562988281250e-02
2.453308105468750000e-01 1.405348777770996094e+00
9.806394577026367188e-01 3.169775009155273438e+00
1.348902225494384766e+00 4.172059535980224609e+00
6.542491912841796875e-01 2.537693023681640625e+00
5.872726440429687500e-02 1.383915424346923828e+00
4.470982551574707031e-01 1.494415760040283203e+00
2.400197982788085938e-01 7.851505279541015625e-02
1.096553206443786621e+00 1.646187782287597656e+00
9.583072662353515625e-01 6.688718795776367188e-01
8.727836608886718750e-02 1.259726524353027344e+00
5.778884887695312500e-02 2.816343307495117188e-01
1.509637832641601562e+00 2.523126602172851562e-01
6.241512298583984375e-01 1.669956207275390625e+00
7.921533584594726562e-01 1.856204032897949219e+00
7.085971832275390625e-01 1.200695037841796875e-01
7.518968582153320312e-01 1.845836639404296875e-01
6.029701232910156250e-01 6.898498535156250000e-01
1.983740329742431641e+00 1.654808044433593750e+00
7.686278820037841797e-01 1.241232156753540039e+00
