9.062929153442382812e-01 3.706550598144531250e-01
3.989295959472656250e-01 6.373643875122070312e-01
1.535053253173828125e-01 1.950088500976562500e+00
4.044694900512695312e-01 3.167551040649414062e+00
1.718225479125976562e-01 3.614807128906250000e-02
1.624965667724609375e-01 3.498029708862304688e-01
1.611480712890625000e-01 2.916574478149414062e-01
2.822971343994140625e-02 4.618475914001464844e+00
4.092979431152343750e-01 2.655515670776367188e-01
2.660255432128906250e-01 7.671270370483398438e-01
5.830364227294921875e-01 3.234186172485351562e-01
3.510155677795410156e-01 1.609929561614990234e+00
3.228225708007812500e-01 5.188102722167968750e-01
5.283174514770507812e-01 5.593338012695312500e-01
4.424142837524414062e-01 3.245115280151367188e-01
5.237007141113281250e-01 5.051889419555664062e-01
1.928091049194335938e-01 1.159554481506347656e+00
7.714571952819824219e-01 8.565359115600585938e+00
1.954011917114257812e-01 4.036998748779296875e-01
5.754022598266601562e-01 2.481037139892578125e+00
2.830600738525390625e-01 2.921111106872558594e+00
2.037286758422851562e-01 4.246718406677246094e+00
2.170181274414062500e-02 1.516825675964355469e+00
1.369830489158630371e+00 9.775927066802978516e-01
5.317559242248535156e-01 7.159419059753417969e-01
2.257385253906250000e-01 1.705307960510253906e+00
2.414770126342773438e-01 1.579997062683105469e+00
2.088356018066406250e-01 1.411317825317382812e+00
3.478937149047851562e-01 9.507331848144531250e-01
1.045608520507812500e-02 1.741731643676757812e+00
2.993583679199218750e-03 1.458471298217773438e+00
1.317310333251953125e-02 3.049430847167968750e-01
4.281492233276367188e-01 3.339080810546875000e-01
5.405931472778320312e-01 6.804418563842773438e-01
1.279258728027343750e-02 1.305385589599609375e+00
1.233295440673828125e+00 2.638845443725585938e-01
1.129961013793945312e-01 7.210674285888671875e-01
2.049446105957031250e-03 8.543205261230468750e-02
6.416749954223632812e-01 1.349554061889648438e-01
1.656450033187866211e+00 4.203773498535156250e+00
1.902999877929687500e-01 1.255343437194824219e+00
4.999303817749023438e-01 7.607955932617187500e-01
2.462368011474609375e-01 1.486100196838378906e+00
