7.972717285156250000e-04 1.667404174804687500e-02
2.102279663085937500e-02 1.214599609375000000e-02
7.986831665039062500e-02 1.129493713378906250e-01
3.580474853515625000e-02 1.644897460937500000e-02
4.917144775390625000e-03 1.384735107421875000e-02
2.559661865234375000e-03 1.505661010742187500e-02
3.754043579101562500e-02 5.249023437500000000e-03
2.758026123046875000e-02 1.892089843750000000e-02
4.635620117187500000e-02 6.633758544921875000e-03
2.469635009765625000e-02 5.515670776367187500e-02
3.080368041992187500e-02 1.301956176757812500e-02
5.254745483398437500e-02 2.781295776367187500e-02
4.584503173828125000e-02 5.294799804687500000e-03
2.146148681640625000e-02 2.546691894531250000e-02
2.774429321289062500e-02 1.411819458007812500e-02
1.161956787109375000e-02 1.133346557617187500e-02
3.912734985351562500e-02 5.680084228515625000e-03
1.577377319335937500e-02 6.355285644531250000e-03
2.238845825195312500e-02 6.857299804687500000e-02
1.200866699218750000e-02 4.806900024414062500e-02
2.977371215820312500e-02 1.299285888671875000e-02
3.738021850585937500e-02 2.185440063476562500e-02
3.246307373046875000e-02 3.221130371093750000e-02
5.193328857421875000e-02 9.098052978515625000e-02
2.786254882812500000e-02 4.466247558593750000e-02
1.203269958496093750e-01 1.805000305175781250e-01
3.594970703125000000e-02 2.671432495117187500e-02
2.962493896484375000e-02 2.620697021484375000e-03
2.346420288085937500e-02 1.003723144531250000e-01
1.309585571289062500e-02 8.008575439453125000e-02
2.498626708984375000e-03 1.145172119140625000e-02
2.494812011718750000e-03 6.103515625000000000e-02
9.773254394531250000e-03 7.041549682617187500e-02
1.383972167968750000e-02 6.651306152343750000e-02
4.639434814453125000e-02 1.596832275390625000e-02
1.785278320312500000e-02 1.828002929687500000e-02
4.028320312500000000e-03 1.078414916992187500e-02
2.534103393554687500e-02 1.022872924804687500e-01
1.831054687500000000e-04 2.799987792968750000e-02
4.458236694335937500e-02 2.350997924804687500e-02
3.929138183593750000e-03 2.445220947265625000e-02
3.494262695312500000e-03 2.120590209960937500e-02
4.481124877929687500e-02 2.031326293945312500e-02
