2.534866333007812500e-02 8.037567138671875000e-03
6.277847290039062500e-02 4.391098022460937500e-02
1.274108886718750000e-03 9.647369384765625000e-03
1.030731201171875000e-02 1.502990722656250000e-02
2.968597412109375000e-02 4.309463500976562500e-02
2.847290039062500000e-02 1.268386840820312500e-02
8.953857421875000000e-02 7.885360717773437500e-02
8.380889892578125000e-03 1.308059692382812500e-02
2.598953247070312500e-02 9.845733642578125000e-03
2.620697021484375000e-02 6.478118896484375000e-02
9.017944335937500000e-03 9.265899658203125000e-03
1.235580444335937500e-02 1.294708251953125000e-02
7.480621337890625000e-03 1.625823974609375000e-02
6.843566894531250000e-03 1.884078979492187500e-02
3.883361816406250000e-03 3.135681152343750000e-02
2.804946899414062500e-02 1.948547363281250000e-02
7.976531982421875000e-03 3.205108642578125000e-02
2.400970458984375000e-02 4.444122314453125000e-03
2.929306030273437500e-02 4.354476928710937500e-02
3.092193603515625000e-02 4.981994628906250000e-03
2.687454223632812500e-02 4.280090332031250000e-03
3.821563720703125000e-02 3.294372558593750000e-02
3.470230102539062500e-02 2.158775329589843750e-01
5.649948120117187500e-02 4.711532592773437500e-02
4.052734375000000000e-02 1.162643432617187500e-01
2.329635620117187500e-02 1.763153076171875000e-02
4.868316650390625000e-02 3.406524658203125000e-03
3.762054443359375000e-02 1.385498046875000000e-02
5.611801147460937500e-02 6.425476074218750000e-02
2.815246582031250000e-03 1.469039916992187500e-02
1.848983764648437500e-02 3.845977783203125000e-02
2.204513549804687500e-02 2.475738525390625000e-03
4.312896728515625000e-02 2.230072021484375000e-02
1.634216308593750000e-02 4.867935180664062500e-02
1.281738281250000000e-02 5.499267578125000000e-02
9.397888183593750000e-02 1.800346374511718750e-01
8.174514770507812500e-02 2.209091186523437500e-02
3.535842895507812500e-02 2.126693725585937500e-02
2.223205566406250000e-02 1.678466796875000000e-02
3.921508789062500000e-03 1.496124267578125000e-02
1.145172119140625000e-02 2.140808105468750000e-02
2.245330810546875000e-02 3.556442260742187500e-02
1.540756225585937500e-02 2.428054809570312500e-02
