3.787279129028320312e-04 1.785027980804443359e-02
2.311944961547851562e-03 6.704092025756835938e-03
1.499891281127929688e-03 1.311290264129638672e-02
4.514455795288085938e-04 1.574039459228515625e-03
1.986742019653320312e-03 1.893568038940429688e-02
2.134680747985839844e-03 7.236361503601074219e-03
2.942085266113281250e-04 8.884072303771972656e-03
5.239248275756835938e-04 1.526039838790893555e-02
1.169323921203613281e-03 3.616929054260253906e-03
8.270621299743652344e-03 1.320672035217285156e-02
3.591299057006835938e-03 7.858037948608398438e-03
1.001358032226562500e-04 2.696394920349121094e-03
4.711389541625976562e-03 1.552224159240722656e-03
5.061149597167968750e-03 3.771662712097167969e-03
3.148674964904785156e-03 2.120757102966308594e-02
5.524873733520507812e-03 9.930133819580078125e-03
6.151199340820312500e-05 6.597042083740234375e-03
1.106142997741699219e-03 3.782689571380615234e-03
2.555847167968750000e-04 2.020907402038574219e-02
1.475811004638671875e-03 9.522914886474609375e-03
3.005862236022949219e-03 1.909255981445312500e-03
2.344727516174316406e-03 5.281925201416015625e-03
1.362323760986328125e-03 8.132994174957275391e-03
1.179099082946777344e-03 1.911860704421997070e-02
3.062486648559570312e-04 6.811380386352539062e-03
1.268267631530761719e-03 1.714468002319335938e-03
2.630114555358886719e-03 8.181691169738769531e-03
4.557967185974121094e-03 2.281785011291503906e-03
3.570795059204101562e-03 4.078865051269531250e-03
3.633737564086914062e-03 8.798003196716308594e-03
1.189696788787841797e-02 2.362608909606933594e-03
2.034902572631835938e-04 1.608490943908691406e-03
1.767873764038085938e-03 1.353728771209716797e-02
1.453757286071777344e-03 1.284384727478027344e-02
1.176953315734863281e-03 2.251207828521728516e-02
2.853870391845703125e-03 2.154886722564697266e-02
8.168220520019531250e-04 2.551078796386718750e-03
2.781867980957031250e-03 4.744172096252441406e-03
1.345276832580566406e-03 1.194834709167480469e-03
2.218127250671386719e-03 1.871460676193237305e-02
1.582384109497070312e-03 5.392551422119140625e-03
3.173708915710449219e-03 2.091050148010253906e-03
4.642128944396972656e-03 4.622936248779296875e-04
