4.961004257202148438e-01 8.675765991210937500e-02
5.382423400878906250e-01 1.621510505676269531e+00
6.150237321853637695e-01 4.280407905578613281e+00
4.250917434692382812e-01 1.778650283813476562e-01
1.064176559448242188e-01 2.190567970275878906e+00
2.986335754394531250e-01 2.911472320556640625e-02
5.955629348754882812e-01 2.828359603881835938e-01
3.455209732055664062e-01 2.006289482116699219e+00
1.003837585449218750e-02 6.507167816162109375e-01
2.415949821472167969e+00 1.325605106353759766e+01
3.129386901855468750e-02 7.505798339843750000e-02
5.490665435791015625e-01 5.261096954345703125e-01
1.525030136108398438e-01 2.116083145141601562e+00
7.383346557617187500e-03 8.614320755004882812e-01
1.195640563964843750e-01 1.708753585815429688e+00
1.243200302124023438e-01 2.105144500732421875e+00
3.422546386718750000e-02 7.568645477294921875e-01
1.043385028839111328e+00 1.832741737365722656e+00
5.460925102233886719e-01 3.151731491088867188e-01
2.690005302429199219e-01 7.696580886840820312e-01
5.633525848388671875e-01 1.102913856506347656e+00
5.361609458923339844e-01 1.803004741668701172e+00
9.868240356445312500e-02 3.383979797363281250e-01
1.299843788146972656e-01 1.698452472686767578e+00
2.072181701660156250e-01 1.630564689636230469e+00
5.877590179443359375e-02 1.923201084136962891e+00
9.796136617660522461e-01 1.029012918472290039e+00
7.525691986083984375e-01 1.196341514587402344e+00
6.384181976318359375e-02 7.800312042236328125e-01
2.968063354492187500e-01 2.558106422424316406e+00
8.480844497680664062e-01 1.912502288818359375e+00
2.676343917846679688e-02 1.283321857452392578e+00
3.600978851318359375e-02 6.391525268554687500e-01
4.797487258911132812e-01 1.520232200622558594e+00
6.411647796630859375e-02 1.569411277770996094e+00
4.354095458984375000e-02 1.790975570678710938e+00
6.679029464721679688e-01 8.273029327392578125e-02
7.563734054565429688e-02 1.661717891693115234e+00
2.743721008300781250e-03 7.001733779907226562e-01
3.623046875000000000e-01 1.089543819427490234e+00
9.982390403747558594e-01 1.836071491241455078e+00
8.095741271972656250e-02 8.250579833984375000e-01
2.661037445068359375e-02 1.017927169799804688e+00
