1.126796007156372070e-03 5.502432584762573242e-03
5.179941654205322266e-04 1.970916986465454102e-03
1.158633828163146973e-02 9.061813354492187500e-03
4.698872566223144531e-03 7.443726062774658203e-03
1.758009195327758789e-03 2.611279487609863281e-04
5.813807249069213867e-03 1.218914985656738281e-04
7.550716400146484375e-04 3.624081611633300781e-03
2.058148384094238281e-04 9.065270423889160156e-04
2.128928899765014648e-03 1.669198274612426758e-03
1.299411058425903320e-03 7.437765598297119141e-04
2.281963825225830078e-03 8.814632892608642578e-04
2.360671758651733398e-03 7.564425468444824219e-03
4.916489124298095703e-04 1.114606857299804688e-03
6.799995899200439453e-04 2.115905284881591797e-03
2.291679382324218750e-03 1.280307769775390625e-03
6.287097930908203125e-04 1.987516880035400391e-03
2.577394247055053711e-03 1.732975244522094727e-03
3.127336502075195312e-03 4.092812538146972656e-03
2.395868301391601562e-03 7.136762142181396484e-04
5.781084299087524414e-03 1.438677310943603516e-03
4.364043474197387695e-03 3.123968839645385742e-03
1.000732183456420898e-03 5.238741636276245117e-03
1.409381628036499023e-03 1.831144094467163086e-03
8.836686611175537109e-04 6.053477525711059570e-03
2.800434827804565430e-03 9.727478027343750000e-04
6.228446960449218750e-03 3.395169973373413086e-03
4.979968070983886719e-05 4.815876483917236328e-03
8.710622787475585938e-04 3.806442022323608398e-03
1.366317272186279297e-03 3.291428089141845703e-03
1.631170511245727539e-03 5.212515592575073242e-03
1.694560050964355469e-04 3.176152706146240234e-03
1.296818256378173828e-03 3.522336483001708984e-03
1.383185386657714844e-03 1.238793134689331055e-03
3.839433193206787109e-04 3.011524677276611328e-03
4.452973604202270508e-03 2.036273479461669922e-03
2.227663993835449219e-03 8.036196231842041016e-04
4.521906375885009766e-04 6.142646074295043945e-03
1.814514398574829102e-03 1.398622989654541016e-03
4.805624485015869141e-04 4.075467586517333984e-03
8.897185325622558594e-04 3.697961568832397461e-03
6.538629531860351562e-05 3.394365310668945312e-03
1.799821853637695312e-03 8.501738309860229492e-03
7.020235061645507812e-04 6.281971931457519531e-03
