3.195703029632568359e-04 6.195813417434692383e-03
4.655450582504272461e-03 3.149837255477905273e-03
7.282793521881103516e-04 8.489012718200683594e-03
2.046227455139160156e-03 1.414090394973754883e-03
1.775890588760375977e-03 6.449401378631591797e-03
2.098590135574340820e-03 5.740821361541748047e-03
3.800988197326660156e-03 1.630812883377075195e-03
1.573085784912109375e-03 4.312217235565185547e-03
4.068613052368164062e-03 7.600188255310058594e-04
2.550393342971801758e-03 6.556987762451171875e-03
4.899203777313232422e-04 6.328523159027099609e-04
3.449350595474243164e-03 5.137562751770019531e-03
3.545582294464111328e-04 3.929108381271362305e-03
1.859962940216064453e-04 2.259731292724609375e-03
3.767311573028564453e-04 5.006730556488037109e-03
3.975629806518554688e-04 4.553407430648803711e-03
1.725077629089355469e-03 7.134974002838134766e-04
3.099799156188964844e-03 1.905739307403564453e-03
3.523826599121093750e-03 1.079261302947998047e-03
2.060741186141967773e-03 4.708766937255859375e-04
3.038465976715087891e-03 4.391372203826904297e-04
3.472715616226196289e-03 3.975391387939453125e-03
6.873458623886108398e-03 1.640188694000244141e-02
5.010962486267089844e-04 3.330200910568237305e-03
4.282295703887939453e-04 1.594692468643188477e-03
2.836585044860839844e-04 4.470080137252807617e-03
6.233453750610351562e-04 2.134531736373901367e-03
3.145933151245117188e-04 4.722148180007934570e-03
1.084148883819580078e-03 4.664093255996704102e-03
4.431605339050292969e-05 1.116663217544555664e-03
2.518236637115478516e-03 3.055274486541748047e-03
2.221912145614624023e-03 3.218650817871093750e-06
6.549477577209472656e-03 2.685785293579101562e-04
4.637539386749267578e-04 1.036047935485839844e-03
8.267551660537719727e-03 2.795320749282836914e-02
3.975033760070800781e-04 4.013895988464355469e-03
7.566213607788085938e-04 4.154354333877563477e-03
2.159476280212402344e-04 2.425909042358398438e-03
1.315116882324218750e-03 5.729913711547851562e-03
2.699315547943115234e-03 9.119540452957153320e-03
1.009446382522583008e-02 3.986358642578125000e-03
1.956433057785034180e-03 5.397796630859375000e-03
3.903359174728393555e-03 1.415282487869262695e-03
