1.853227615356445312e-03 7.740497589111328125e-03
2.219557762145996094e-03 5.917191505432128906e-03
4.775643348693847656e-03 2.160775661468505859e-02
4.704833030700683594e-03 1.098394393920898438e-03
2.072215080261230469e-03 1.404017210006713867e-02
1.129865646362304688e-03 7.036685943603515625e-03
2.228021621704101562e-04 1.661127805709838867e-02
1.577734947204589844e-03 1.724123954772949219e-03
2.585768699645996094e-03 8.292198181152343750e-03
1.803517341613769531e-03 1.982718706130981445e-02
7.146596908569335938e-04 2.144199609756469727e-02
6.604194641113281250e-04 9.587466716766357422e-03
7.101297378540039062e-04 2.118498086929321289e-02
7.665157318115234375e-04 8.213639259338378906e-03
5.046129226684570312e-04 4.112362861633300781e-03
8.591413497924804688e-04 1.334255933761596680e-02
3.341555595397949219e-03 6.170988082885742188e-03
4.272222518920898438e-03 1.865208148956298828e-02
2.399682998657226562e-04 9.238600730895996094e-03
3.181695938110351562e-03 9.496212005615234375e-04
4.846096038818359375e-03 4.380702972412109375e-03
4.077434539794921875e-03 1.011824607849121094e-02
6.376147270202636719e-03 1.323401927947998047e-02
6.097555160522460938e-04 1.422286033630371094e-03
1.322031021118164062e-03 2.047634124755859375e-02
5.294084548950195312e-04 2.276062965393066406e-03
4.976153373718261719e-03 7.821321487426757812e-04
3.643870353698730469e-03 4.269242286682128906e-03
5.851387977600097656e-03 1.270890235900878906e-03
1.406097412109375000e-02 1.322412490844726562e-02
1.544594764709472656e-03 1.437187194824218750e-03
7.200241088867187500e-04 2.357608079910278320e-02
1.008296012878417969e-02 1.882636547088623047e-02
7.763504981994628906e-03 2.656340599060058594e-03
1.674890518188476562e-03 3.260612487792968750e-03
5.673170089721679688e-04 2.154582738876342773e-02
1.187920570373535156e-03 3.165960311889648438e-03
4.578828811645507812e-03 1.162993907928466797e-02
3.867506980895996094e-03 5.252480506896972656e-03
1.131534576416015625e-03 9.435415267944335938e-04
1.168966293334960938e-03 3.528475761413574219e-03
4.437088966369628906e-03 1.379024982452392578e-02
6.778240203857421875e-04 1.279687881469726562e-02
