1.946687698364257812e-04 1.432895660400390625e-04
2.325773239135742188e-03 2.381956577301025391e-02
4.838228225708007812e-03 6.479740142822265625e-03
3.768205642700195312e-03 1.901149749755859375e-02
2.324342727661132812e-03 1.883763074874877930e-02
2.839565277099609375e-03 1.415383815765380859e-02
1.001644134521484375e-02 1.980662345886230469e-02
1.667022705078125000e-03 6.858468055725097656e-03
2.730011940002441406e-03 6.854176521301269531e-03
4.135966300964355469e-03 3.191471099853515625e-03
4.211664199829101562e-04 4.271745681762695312e-03
4.365324974060058594e-03 6.893992424011230469e-03
3.957748413085937500e-05 4.110455513000488281e-03
1.511800289154052734e-02 2.029120922088623047e-02
3.370165824890136719e-03 8.742809295654296875e-04
1.106977462768554688e-03 1.974809169769287109e-02
1.406669616699218750e-05 1.133966445922851562e-02
4.222154617309570312e-03 4.228353500366210938e-04
3.285288810729980469e-03 1.803398132324218750e-02
6.166577339172363281e-03 1.914405822753906250e-02
1.795887947082519531e-03 1.129746437072753906e-03
3.434419631958007812e-03 3.287076950073242188e-03
3.900170326232910156e-03 5.328655242919921875e-03
1.725077629089355469e-03 8.460283279418945312e-03
2.614259719848632812e-04 8.999109268188476562e-04
7.942914962768554688e-04 6.647408008575439453e-03
5.933403968811035156e-03 3.518819808959960938e-03
2.968311309814453125e-05 1.943004131317138672e-02
9.249448776245117188e-04 8.372783660888671875e-03
2.053499221801757812e-03 2.659082412719726562e-03
1.244068145751953125e-03 2.705693244934082031e-03
2.213597297668457031e-03 1.014953851699829102e-02
3.240585327148437500e-03 4.340887069702148438e-03
4.258394241333007812e-03 8.973598480224609375e-03
9.431958198547363281e-03 1.931071281433105469e-02
6.670594215393066406e-03 1.550638675689697266e-02
1.298666000366210938e-03 1.649856567382812500e-02
5.587816238403320312e-03 1.179563999176025391e-02
8.180379867553710938e-03 1.762461662292480469e-02
3.720521926879882812e-04 1.447916030883789062e-02
1.305472850799560547e-02 3.001809120178222656e-03
1.312613487243652344e-03 1.663589477539062500e-02
4.456162452697753906e-03 5.476474761962890625e-03
