1.093626022338867188e-03 3.291815519332885742e-03
5.267441272735595703e-03 6.849795579910278320e-03
5.690157413482666016e-04 1.004973053932189941e-02
6.200075149536132812e-04 3.608435392379760742e-03
2.068698406219482422e-03 7.730692625045776367e-03
2.484679222106933594e-03 2.341479063034057617e-03
1.549661159515380859e-03 3.478378057479858398e-03
1.859545707702636719e-03 4.611045122146606445e-03
6.728649139404296875e-03 7.447779178619384766e-03
8.329451084136962891e-04 9.721815586090087891e-04
9.294450283050537109e-04 4.040598869323730469e-03
3.180950880050659180e-03 1.772016286849975586e-03
6.963908672332763672e-04 1.302796602249145508e-02
6.388694047927856445e-03 6.533235311508178711e-03
5.015432834625244141e-04 2.617478370666503906e-03
8.133947849273681641e-04 9.070932865142822266e-04
1.143932342529296875e-03 2.066582441329956055e-03
1.370280981063842773e-02 1.455080509185791016e-02
1.021778583526611328e-02 1.724028587341308594e-02
4.692077636718750000e-04 8.483380079269409180e-03
6.988644599914550781e-04 1.504719257354736328e-04
1.349449157714843750e-03 5.479007959365844727e-03
1.155883073806762695e-03 6.445854902267456055e-03
1.090347766876220703e-03 1.264452934265136719e-03
4.383921623229980469e-05 2.435535192489624023e-03
1.900583505630493164e-03 3.121912479400634766e-03
1.626127958297729492e-02 1.585096120834350586e-02
2.799242734909057617e-03 8.404254913330078125e-06
8.519291877746582031e-04 1.255542039871215820e-03
1.418203115463256836e-03 5.592554807662963867e-03
1.871585845947265625e-04 4.383355379104614258e-03
8.986294269561767578e-04 3.667891025543212891e-03
2.918243408203125000e-04 4.778504371643066406e-04
4.304140806198120117e-03 1.063066720962524414e-02
4.142522811889648438e-06 2.418249845504760742e-03
1.225471496582031250e-03 9.666174650192260742e-03
1.227468252182006836e-03 3.655135631561279297e-03
6.270110607147216797e-04 3.690421581268310547e-03
7.638931274414062500e-04 1.228451728820800781e-03
6.927549839019775391e-04 4.972964525222778320e-03
1.318275928497314453e-03 1.701176166534423828e-03
1.677384972572326660e-02 1.607802510261535645e-02
8.915543556213378906e-03 7.343411445617675781e-03
