1.941800117492675781e-03 2.910375595092773438e-03
4.538893699645996094e-05 1.698523759841918945e-03
1.059979200363159180e-03 4.877716302871704102e-03
1.621752977371215820e-03 1.481533050537109375e-03
6.341934204101562500e-05 2.132862806320190430e-03
1.333832740783691406e-03 1.217812299728393555e-03
3.251969814300537109e-03 6.155461072921752930e-03
2.420008182525634766e-03 5.002081394195556641e-03
8.953213691711425781e-04 3.225624561309814453e-03
1.132190227508544922e-03 1.763522624969482422e-03
1.215159893035888672e-03 3.105014562606811523e-03
5.381405353546142578e-03 8.580178022384643555e-03
3.025680780410766602e-03 1.021891832351684570e-03
7.235407829284667969e-04 2.090156078338623047e-03
1.557320356369018555e-03 8.431077003479003906e-04
1.664331555366516113e-02 1.916435360908508301e-02
3.562361001968383789e-03 9.188055992126464844e-05
3.090739250183105469e-03 4.615217447280883789e-03
2.200156450271606445e-03 6.992101669311523438e-03
1.809507608413696289e-03 2.345204353332519531e-03
6.969571113586425781e-04 3.013193607330322266e-03
9.821057319641113281e-04 3.147900104522705078e-03
6.728470325469970703e-04 3.746092319488525391e-03
1.445919275283813477e-03 2.260446548461914062e-03
2.301812171936035156e-03 7.221370935440063477e-03
1.636624336242675781e-03 3.292560577392578125e-04
1.202017068862915039e-03 2.240002155303955078e-03
5.744993686676025391e-04 8.275806903839111328e-04
1.598328351974487305e-03 4.851222038269042969e-04
1.973152160644531250e-03 3.897875547409057617e-03
1.996010541915893555e-03 1.470953226089477539e-03
7.426440715789794922e-04 1.659125089645385742e-03
1.984238624572753906e-04 1.545637845993041992e-03
3.690868616104125977e-03 9.460121393203735352e-03
7.669925689697265625e-04 4.015266895294189453e-04
8.479356765747070312e-04 1.844188570976257324e-02
1.938641071319580078e-04 4.482060670852661133e-03
9.732544422149658203e-04 1.202106475830078125e-03
5.216300487518310547e-04 5.456387996673583984e-03
9.903311729431152344e-05 4.432499408721923828e-04
1.001924276351928711e-03 6.888806819915771484e-04
6.756186485290527344e-05 5.078285932540893555e-03
2.156466245651245117e-03 2.107173204421997070e-03
