7.534027099609375000e-03 5.984115600585937500e-02
1.464843750000000000e-02 2.889633178710937500e-02
1.636886596679687500e-02 2.092742919921875000e-02
1.273727416992187500e-02 1.604461669921875000e-02
4.364395141601562500e-02 2.348709106445312500e-02
7.110595703125000000e-03 1.079177856445312500e-02
6.718063354492187500e-02 1.129264831542968750e-01
2.979278564453125000e-02 8.720397949218750000e-03
2.227783203125000000e-02 3.391647338867187500e-02
3.014373779296875000e-02 2.109527587890625000e-02
1.769638061523437500e-02 3.110122680664062500e-02
3.124237060546875000e-03 2.639389038085937500e-02
7.423400878906250000e-02 1.038780212402343750e-01
2.309417724609375000e-02 3.928756713867187500e-02
4.307937622070312500e-02 1.278305053710937500e-02
2.513885498046875000e-02 1.006317138671875000e-01
3.940582275390625000e-02 2.869415283203125000e-02
3.336715698242187500e-02 1.794815063476562500e-01
6.561660766601562500e-02 3.189086914062500000e-03
2.529144287109375000e-02 5.157089233398437500e-02
5.561828613281250000e-03 5.966186523437500000e-02
6.439208984375000000e-03 2.876663208007812500e-02
2.433395385742187500e-02 2.764892578125000000e-02
2.627182006835937500e-02 3.681182861328125000e-03
1.741409301757812500e-02 2.083206176757812500e-02
2.220153808593750000e-02 1.060867309570312500e-02
2.869415283203125000e-02 2.121734619140625000e-02
1.297378540039062500e-02 5.360412597656250000e-02
1.438903808593750000e-02 5.268096923828125000e-02
3.462600708007812500e-02 2.079010009765625000e-03
2.577590942382812500e-02 4.084014892578125000e-02
3.524780273437500000e-02 1.163864135742187500e-02
3.142166137695312500e-02 2.190017700195312500e-02
7.080078125000000000e-03 5.729675292968750000e-03
3.791427612304687500e-02 3.390884399414062500e-02
8.499145507812500000e-03 1.293182373046875000e-02
2.037048339843750000e-02 4.306411743164062500e-02
2.622222900390625000e-02 1.359558105468750000e-02
2.910995483398437500e-02 3.863525390625000000e-02
2.165985107421875000e-02 1.063919067382812500e-02
1.649856567382812500e-02 2.319335937500000000e-02
2.767944335937500000e-02 3.406906127929687500e-02
8.641433715820312500e-02 1.201477050781250000e-01
