4.864335060119628906e-04 5.026996135711669922e-03
1.418232917785644531e-03 3.296732902526855469e-04
4.181563854217529297e-03 2.528488636016845703e-03
1.597279310226440430e-02 1.731196045875549316e-02
7.064104080200195312e-03 8.155733346939086914e-03
9.904801845550537109e-04 8.588671684265136719e-03
1.233100891113281250e-03 3.895759582519531250e-04
3.223329782485961914e-03 8.009672164916992188e-04
1.933962106704711914e-03 1.547038555145263672e-04
7.636159658432006836e-03 4.078507423400878906e-03
1.911193132400512695e-03 1.624494791030883789e-03
3.904104232788085938e-05 2.785146236419677734e-03
2.119243144989013672e-04 3.518134355545043945e-03
1.265197992324829102e-03 1.689612865447998047e-03
1.590400934219360352e-03 2.650648355484008789e-03
1.271128654479980469e-03 4.271566867828369141e-03
9.677410125732421875e-04 2.895355224609375000e-03
9.821951389312744141e-04 3.516346216201782227e-03
7.167756557464599609e-04 4.431247711181640625e-03
2.396255731582641602e-03 7.858872413635253906e-04
1.434832811355590820e-03 1.270681619644165039e-03
1.842290163040161133e-03 2.097934484481811523e-03
1.794904470443725586e-03 6.426632404327392578e-03
1.869007945060729980e-02 1.589885354042053223e-02
4.681646823883056641e-04 3.597170114517211914e-03
1.030236482620239258e-03 2.845317125320434570e-03
1.707255840301513672e-03 3.014653921127319336e-03
2.897262573242187500e-03 2.547502517700195312e-04
7.450282573699951172e-04 3.945082426071166992e-03
2.980321645736694336e-03 5.934655666351318359e-03
2.916783094406127930e-03 1.104295253753662109e-03
5.628854036331176758e-03 2.271413803100585938e-03
2.471268177032470703e-03 5.367100238800048828e-04
1.455545425415039062e-04 2.109110355377197266e-03
1.174151897430419922e-03 3.759592771530151367e-03
8.028149604797363281e-04 1.427859067916870117e-03
7.867813110351562500e-04 1.633137464523315430e-03
1.845389604568481445e-03 1.302242279052734375e-03
9.092688560485839844e-05 7.496267557144165039e-03
1.093775033950805664e-03 5.272477865219116211e-03
2.148270606994628906e-03 1.388192176818847656e-04
9.101629257202148438e-05 2.547502517700195312e-03
2.337634563446044922e-03 4.966557025909423828e-03
