2.128505706787109375e-02 1.483709335327148438e+00
9.365911483764648438e-01 1.958314895629882812e+00
5.155258178710937500e-01 1.406527996063232422e+00
7.064418792724609375e-01 1.674047470092773438e+00
1.116480588912963867e+00 4.315549850463867188e+00
7.141113281250000000e-02 1.904758453369140625e+00
4.100222587585449219e-01 1.723999500274658203e+00
4.170684814453125000e-01 1.471700191497802734e+00
8.843321800231933594e-01 1.072165012359619141e+00
1.039757728576660156e+00 1.153554916381835938e-01
1.012583732604980469e+00 1.005466461181640625e+00
3.885548114776611328e-01 6.933046340942382812e+00
5.794897079467773438e-01 1.818789005279541016e+00
8.541059494018554688e-01 1.104753017425537109e+00
7.856111526489257812e-01 5.661258697509765625e-01
4.061441421508789062e-01 9.206857681274414062e-01
8.694810867309570312e-01 8.454360961914062500e-01
5.144927501678466797e-01 5.760951042175292969e+00
9.908676147460937500e-01 6.609373092651367188e-01
1.269630432128906250e+00 4.304381370544433594e+00
1.258237838745117188e+00 6.917738914489746094e-01
1.872453689575195312e-01 1.727737426757812500e+00
6.256322860717773438e-01 7.295131683349609375e-01
5.220537185668945312e-01 4.458249092102050781e+00
1.103744506835937500e+00 8.352546691894531250e-01
2.498540878295898438e-01 1.815612792968750000e+00
2.290821075439453125e-02 9.054174423217773438e-01
3.448867797851562500e-01 1.672708034515380859e+00
7.153596878051757812e-01 1.894638538360595703e+00
2.309160232543945312e-01 1.637551307678222656e+00
2.873620986938476562e-01 3.205556869506835938e-01
7.687835693359375000e-01 1.754999160766601562e+00
3.813228607177734375e-01 2.879290580749511719e+00
3.133430480957031250e-01 8.542718887329101562e-01
1.112379074096679688e+00 1.195825099945068359e+00
4.048299789428710938e-01 2.804164886474609375e+00
1.261352539062500000e+00 2.243595123291015625e-01
6.453371047973632812e-01 1.692610740661621094e+00
1.111208915710449219e+00 1.838472366333007812e+00
2.621803283691406250e-01 6.646146774291992188e-01
8.274772167205810547e-01 4.753340721130371094e+00
5.066452026367187500e-01 4.591660499572753906e+00
9.117488861083984375e-01 1.778359413146972656e+00
