4.611849784851074219e-03 2.765297889709472656e-03
5.885362625122070312e-04 1.115304231643676758e-02
4.407167434692382812e-04 5.573332309722900391e-03
2.693176269531250000e-03 9.085297584533691406e-03
9.549856185913085938e-04 1.255750656127929688e-02
7.367253303527832031e-03 2.711772918701171875e-03
6.198287010192871094e-03 6.253480911254882812e-03
1.618349552154541016e-02 3.397464752197265625e-03
3.678798675537109375e-03 2.130270004272460938e-03
1.672983169555664062e-03 1.821660995483398438e-02
1.810669898986816406e-03 2.567052841186523438e-03
6.962418556213378906e-03 9.414553642272949219e-03
5.639791488647460938e-04 6.591081619262695312e-03
2.801299095153808594e-03 3.457069396972656250e-05
5.543708801269531250e-03 6.738066673278808594e-03
4.462718963623046875e-03 5.502343177795410156e-03
1.521587371826171875e-03 5.871772766113281250e-03
1.742839813232421875e-03 1.999676227569580078e-02
1.778721809387207031e-03 8.548855781555175781e-03
2.465248107910156250e-04 1.377868652343750000e-02
1.144528388977050781e-03 3.593087196350097656e-03
3.112077713012695312e-03 5.646467208862304688e-03
8.223056793212890625e-03 3.632664680480957031e-03
1.863241195678710938e-03 7.716298103332519531e-03
2.761483192443847656e-03 5.947113037109375000e-03
4.080653190612792969e-03 2.073895931243896484e-02
2.167224884033203125e-03 4.052400588989257812e-03
2.999067306518554688e-03 1.069635152816772461e-02
6.068944931030273438e-04 1.837515830993652344e-02
1.737117767333984375e-03 2.038836479187011719e-02
2.743005752563476562e-04 1.750195026397705078e-02
7.686972618103027344e-03 1.926493644714355469e-02
1.142120361328125000e-02 1.970303058624267578e-02
2.668738365173339844e-03 2.210187911987304688e-02
1.861214637756347656e-03 1.855313777923583984e-02
1.193952560424804688e-02 2.110326290130615234e-02
6.870627403259277344e-03 1.328825950622558594e-02
8.441209793090820312e-04 1.746416091918945312e-02
2.244710922241210938e-04 1.279568672180175781e-02
3.010034561157226562e-04 5.004286766052246094e-03
7.073879241943359375e-04 2.468478679656982422e-02
2.252817153930664062e-03 4.950284957885742188e-03
1.221537590026855469e-03 1.652604341506958008e-02
