5.516958236694335938e-01 8.184156417846679688e-01
8.101959228515625000e-01 1.610060691833496094e+00
9.479522705078125000e-04 5.116548538208007812e-01
2.632093429565429688e-01 1.549693107604980469e+00
2.196578979492187500e-01 1.817327022552490234e+00
6.664552688598632812e-01 2.033349990844726562e+00
1.881137847900390625e+00 4.326467990875244141e+00
1.043300628662109375e+00 1.469811916351318359e+00
1.880798339843750000e-01 9.966688156127929688e-01
1.131761908531188965e+00 1.611443281173706055e+00
4.356765747070312500e-01 1.541945457458496094e+00
1.661186218261718750e-01 6.824026107788085938e-01
1.293981552124023438e+00 2.090750694274902344e+00
2.238082885742187500e-01 1.695802688598632812e+00
2.975492477416992188e-01 1.590123653411865234e+00
9.752035140991210938e-01 1.648884296417236328e+00
7.661581039428710938e-02 1.356839656829833984e+00
3.144445419311523438e-01 5.965900421142578125e-01
1.526171684265136719e+00 8.408260345458984375e-02
6.601428985595703125e-02 1.010318756103515625e+00
6.135673522949218750e-01 1.865986347198486328e+00
3.856754302978515625e-01 1.095103263854980469e+00
1.776160240173339844e+00 3.016633987426757812e-01
4.066295623779296875e-01 8.639526367187500000e-01
5.079011917114257812e-01 1.286315917968750000e-02
2.918243408203125000e-01 2.310009002685546875e-01
1.097918510437011719e+00 1.406002998352050781e+00
7.332468032836914062e-02 1.306691646575927734e+00
4.338750839233398438e-01 1.259111404418945312e+00
1.906347274780273438e-01 1.974620819091796875e+00
7.782635688781738281e-01 1.771147251129150391e+00
1.081052780151367188e+00 9.594116210937500000e-01
5.935974121093750000e-01 2.180221080780029297e+00
1.040573120117187500e-01 3.157157897949218750e-01
7.319927215576171875e-02 6.258111000061035156e-01
1.618063449859619141e+00 1.046296119689941406e+00
6.185803413391113281e-01 8.735997200012207031e+00
9.995889663696289062e-01 3.586331367492675781e+00
8.522830009460449219e-01 5.242261886596679688e-01
4.293146133422851562e-01 1.224296569824218750e+00
1.655769348144531250e-02 2.093511104583740234e+00
2.635383605957031250e-02 4.012498855590820312e-01
9.381008148193359375e-02 1.548158645629882812e+00
