2.291488647460937500e-02 5.723190307617187500e-02
3.205108642578125000e-02 3.160095214843750000e-02
6.416320800781250000e-02 8.777618408203125000e-03
1.799011230468750000e-02 5.541610717773437500e-02
4.508209228515625000e-02 4.968643188476562500e-02
6.110382080078125000e-02 3.662109375000000000e-03
4.266738891601562500e-02 4.786300659179687500e-02
3.095245361328125000e-02 1.575088500976562500e-02
6.870269775390625000e-03 2.643203735351562500e-02
8.636093139648437500e-02 8.003234863281250000e-03
5.698394775390625000e-02 1.456069946289062500e-02
2.487182617187500000e-02 7.400512695312500000e-02
8.605194091796875000e-02 2.331924438476562500e-02
2.189636230468750000e-03 3.395080566406250000e-03
5.348205566406250000e-03 2.328109741210937500e-02
1.130294799804687500e-02 2.787399291992187500e-02
1.502609252929687500e-02 1.853561401367187500e-02
5.268096923828125000e-03 2.457809448242187500e-02
5.329513549804687500e-02 1.054763793945312500e-02
1.056137084960937500e-01 7.442474365234375000e-03
2.353668212890625000e-03 3.491592407226562500e-02
4.276657104492187500e-02 3.785324096679687500e-02
2.689361572265625000e-03 6.724548339843750000e-02
3.709411621093750000e-02 2.488708496093750000e-02
1.268768310546875000e-02 4.726028442382812500e-02
2.858734130859375000e-02 2.794647216796875000e-02
1.196670532226562500e-02 2.752685546875000000e-02
5.461502075195312500e-02 5.081558227539062500e-02
9.155273437500000000e-04 2.375030517578125000e-02
1.919174194335937500e-02 4.426193237304687500e-02
4.512023925781250000e-02 4.549407958984375000e-02
4.554367065429687500e-02 2.016067504882812500e-02
9.321212768554687500e-02 1.161956787109375000e-01
6.929016113281250000e-02 2.241134643554687500e-02
5.149841308593750000e-02 2.556228637695312500e-02
4.816436767578125000e-02 9.971618652343750000e-03
6.510543823242187500e-02 1.177978515625000000e-02
3.078079223632812500e-02 9.307861328125000000e-04
9.032440185546875000e-02 9.758758544921875000e-02
3.084945678710937500e-02 1.586532592773437500e-02
2.544021606445312500e-02 3.442001342773437500e-02
1.214981079101562500e-02 2.233123779296875000e-02
1.047515869140625000e-02 5.647659301757812500e-02
