8.842468261718750000e-03 2.233123779296875000e-02
2.826690673828125000e-03 2.650833129882812500e-02
1.910018920898437500e-02 2.066421508789062500e-02
2.849578857421875000e-02 2.176284790039062500e-02
1.935577392578125000e-02 3.153991699218750000e-02
3.076934814453125000e-02 4.730224609375000000e-03
1.345443725585937500e-02 4.086685180664062500e-02
3.112792968750000000e-03 7.249450683593750000e-02
4.528045654296875000e-03 4.615783691406250000e-04
1.886367797851562500e-02 3.376007080078125000e-03
1.554107666015625000e-02 1.572799682617187500e-02
2.335739135742187500e-02 1.087951660156250000e-02
2.153778076171875000e-02 1.374053955078125000e-02
6.378173828125000000e-03 2.029418945312500000e-02
1.826858520507812500e-02 4.897308349609375000e-02
2.710723876953125000e-02 1.009979248046875000e-01
4.192733764648437500e-02 3.251266479492187500e-02
3.947830200195312500e-02 5.230331420898437500e-02
3.498077392578125000e-03 2.277374267578125000e-03
3.045272827148437500e-02 2.200889587402343750e-01
8.773803710937500000e-05 9.284973144531250000e-03
3.325653076171875000e-02 1.559829711914062500e-02
3.834915161132812500e-02 1.968765258789062500e-02
4.122924804687500000e-02 1.860427856445312500e-02
4.712295532226562500e-02 4.122924804687500000e-02
1.444244384765625000e-02 2.410888671875000000e-02
8.407592773437500000e-03 1.350402832031250000e-03
1.953887939453125000e-02 1.029968261718750000e-03
3.845214843750000000e-02 1.739120483398437500e-02
2.667236328125000000e-02 3.683853149414062500e-02
1.921463012695312500e-02 6.617736816406250000e-02
2.933120727539062500e-02 6.256484985351562500e-02
1.232528686523437500e-02 2.082061767578125000e-02
8.689880371093750000e-03 1.269912719726562500e-02
5.306243896484375000e-02 2.870178222656250000e-02
3.193283081054687500e-02 1.670074462890625000e-02
4.626464843750000000e-02 4.592895507812500000e-02
7.678985595703125000e-02 3.308105468750000000e-02
4.789352416992187500e-02 2.885437011718750000e-02
4.291534423828125000e-02 4.905700683593750000e-02
7.560729980468750000e-03 2.594757080078125000e-02
2.418518066406250000e-02 5.102539062500000000e-02
1.960372924804687500e-02 3.255462646484375000e-02
