2.247905731201171875e-02 3.537158966064453125e-01
3.219738006591796875e-01 1.902644157409667969e+00
7.116413116455078125e-02 1.854966163635253906e+00
1.471710205078125000e-02 3.039741516113281250e-01
1.403582096099853516e+00 8.231797218322753906e-01
2.261246919631958008e+00 1.269574880599975586e+00
1.521663665771484375e-01 1.495182037353515625e+00
3.798704147338867188e-01 2.729830741882324219e-01
5.608887672424316406e-01 1.022544384002685547e+00
2.674665689468383789e+00 9.052329063415527344e+00
3.186597824096679688e-01 4.733104705810546875e-01
6.504745483398437500e-01 2.122081756591796875e+00
7.231655120849609375e-01 9.497070312500000000e-02
3.717565536499023438e-01 2.040019989013671875e+00
1.683549880981445312e-01 1.724499702453613281e+00
5.343184471130371094e-01 2.822389602661132812e-01
4.226531982421875000e-01 7.758703231811523438e-01
5.524473190307617188e-01 2.052787780761718750e+00
6.104510307312011719e+00 1.360382366180419922e+01
5.814313888549804688e-01 5.609226226806640625e-01
1.026163101196289062e-01 1.415118217468261719e+00
5.821037292480468750e-02 1.066580772399902344e+00
3.703670501708984375e-01 1.438044548034667969e+00
3.723526000976562500e-02 1.231214523315429688e+00
1.387076377868652344e-01 9.538836479187011719e-01
3.809514045715332031e-01 1.731596946716308594e+00
6.969189643859863281e-01 7.620100975036621094e-01
3.436622619628906250e-01 1.395299911499023438e+00
7.396351099014282227e-01 2.090404033660888672e+00
6.131296157836914062e-01 1.872093200683593750e+00
5.897178649902343750e-01 5.575647354125976562e-01
1.262563705444335938e+00 1.137475967407226562e+00
2.193965911865234375e-01 2.733821868896484375e+00
2.411050796508789062e-01 1.313519477844238281e+00
3.185167312622070312e-01 1.517429351806640625e+00
4.934072494506835938e-01 9.522063732147216797e-01
1.193871498107910156e+00 7.238330841064453125e-01
4.544544219970703125e-01 1.449361801147460938e+00
3.330349922180175781e-02 5.177619457244873047e+00
1.212470531463623047e-01 9.870333671569824219e-01
1.860885620117187500e-01 2.744379043579101562e-01
3.949165344238281250e-02 5.824689865112304688e-01
7.899570465087890625e-02 2.560640335083007812e+00
