1.659226417541503906e-02 1.553612947463989258e-02
1.037508249282836914e-03 2.355426549911499023e-03
1.663622260093688965e-02 1.724436879158020020e-02
8.759498596191406250e-04 3.795355558395385742e-03
1.889675855636596680e-03 7.309705018997192383e-03
7.444024085998535156e-04 1.090764999389648438e-05
3.251433372497558594e-04 1.016676425933837891e-03
6.205677986145019531e-03 1.304179430007934570e-03
2.104043960571289062e-03 5.413144826889038086e-03
1.307576894760131836e-03 8.473396301269531250e-04
1.496762037277221680e-03 1.642048358917236328e-03
3.041625022888183594e-04 3.727704286575317383e-03
8.934736251831054688e-05 1.819640398025512695e-03
8.958876132965087891e-03 1.778692007064819336e-02
6.454288959503173828e-04 3.507137298583984375e-04
9.796023368835449219e-04 1.003757119178771973e-02
9.578466415405273438e-05 3.272771835327148438e-03
5.025953054428100586e-03 2.751171588897705078e-03
9.953975677490234375e-05 2.430081367492675781e-04
1.410752534866333008e-03 1.242935657501220703e-03
1.531201601028442383e-02 1.776826381683349609e-02
1.283875107765197754e-02 1.241937279701232910e-02
1.534014940261840820e-03 4.191964864730834961e-03
1.538872718811035156e-03 1.100853085517883301e-02
1.165658235549926758e-03 4.099458456039428711e-03
1.904577016830444336e-03 6.138980388641357422e-04
1.292556524276733398e-03 5.663633346557617188e-04
1.347392797470092773e-03 9.434819221496582031e-04
3.581345081329345703e-04 2.148985862731933594e-03
6.535053253173828125e-04 3.824442625045776367e-03
3.192722797393798828e-03 2.689808607101440430e-03
1.540333032608032227e-03 7.307946681976318359e-03
1.380354166030883789e-03 4.544854164123535156e-05
2.459138631820678711e-03 5.437612533569335938e-03
8.989870548248291016e-04 1.361846923828125000e-03
2.289712429046630859e-04 6.667047739028930664e-03
1.630485057830810547e-04 9.695887565612792969e-04
1.556277275085449219e-04 3.452837467193603516e-03
2.866595983505249023e-03 2.676606178283691406e-03
3.756523132324218750e-03 8.047401905059814453e-03
5.184710025787353516e-04 2.589553594589233398e-03
1.092970371246337891e-03 2.157717943191528320e-03
2.342760562896728516e-04 2.772301435470581055e-03
