1.908421516418457031e-03 1.225560903549194336e-02
8.983910083770751953e-03 7.152557373046875000e-07
1.035094261169433594e-03 1.746714115142822266e-03
1.656609773635864258e-02 1.950544118881225586e-02
9.070050716400146484e-02 1.247662305831909180e-01
2.046918869018554688e-02 3.146320581436157227e-02
2.448618412017822266e-02 3.364497423171997070e-02
4.785060882568359375e-04 4.217565059661865234e-03
8.951652050018310547e-02 1.804743409156799316e-01
4.010081291198730469e-03 2.231657505035400391e-03
1.990473270416259766e-02 2.384185791015625000e-07
1.666071414947509766e-01 2.853824496269226074e-01
1.661658287048339844e-02 3.855508565902709961e-02
3.365039825439453125e-03 1.192092895507812500e-06
1.212236285209655762e-01 3.576278686523437500e-07
2.193689346313476562e-03 7.152557373046875000e-07
7.364261150360107422e-02 1.185219287872314453e-01
4.974889755249023438e-02 6.103038787841796875e-02
6.060981750488281250e-02 9.832853078842163086e-02
9.593486785888671875e-03 1.072883605957031250e-06
2.819043397903442383e-02 1.892030239105224609e-02
2.793562412261962891e-02 8.344650268554687500e-07
3.050208091735839844e-03 1.225560903549194336e-02
1.078311800956726074e-01 1.677212715148925781e-01
6.128728389739990234e-02 1.311302185058593750e-06
8.870184421539306641e-03 1.192092895507812500e-07
1.033497452735900879e-01 1.812760233879089355e-01
1.107241511344909668e-01 2.384185791015625000e-06
2.829432487487792969e-03 6.178677082061767578e-03
1.073738336563110352e-01 2.123063802719116211e-01
5.357766151428222656e-02 8.344650268554687500e-07
6.875789165496826172e-02 8.860445022583007812e-02
7.293254137039184570e-02 1.390606760978698730e-01
3.167808055877685547e-02 5.960464477539062500e-07
7.616150379180908203e-02 1.390606760978698730e-01
4.206061363220214844e-03 9.536743164062500000e-07
3.534674644470214844e-03 9.536743164062500000e-07
3.197205066680908203e-02 8.344650268554687500e-07
2.131789922714233398e-02 8.344650268554687500e-07
4.741442203521728516e-02 1.008565425872802734e-01
7.218921184539794922e-02 1.408509612083435059e-01
1.683974266052246094e-02 6.017410755157470703e-02
4.299306869506835938e-02 9.652012586593627930e-02
