5.029290914535522461e-03 9.442269802093505859e-04
1.236796379089355469e-05 6.380975246429443359e-04
1.335769891738891602e-03 3.093481063842773438e-03
4.413962364196777344e-03 8.884489536285400391e-03
8.468925952911376953e-04 4.251271486282348633e-03
2.180367708206176758e-03 1.082271337509155273e-03
9.841322898864746094e-04 1.289427280426025391e-03
3.363072872161865234e-03 3.990530967712402344e-04
1.622587442398071289e-03 1.958996057510375977e-03
2.440810203552246094e-03 2.053380012512207031e-05
2.805352210998535156e-03 1.169174909591674805e-03
1.177787780761718750e-04 7.115393877029418945e-03
3.089845180511474609e-03 8.293986320495605469e-04
8.179545402526855469e-04 5.928039550781250000e-03
1.927942037582397461e-03 5.936890840530395508e-03
2.746552228927612305e-03 1.744121313095092773e-03
9.729772806167602539e-03 1.441717147827148438e-03
5.201995372772216797e-03 2.742767333984375000e-03
1.115587353706359863e-02 5.302846431732177734e-03
2.934217453002929688e-03 5.538970232009887695e-03
4.275441169738769531e-04 2.932518720626831055e-03
3.160327672958374023e-03 9.757876396179199219e-04
5.026459693908691406e-04 5.124390125274658203e-03
1.462250947952270508e-03 1.644313335418701172e-03
8.898973464965820312e-05 9.384155273437500000e-04
6.173878908157348633e-03 7.773041725158691406e-04
2.649664878845214844e-03 4.138231277465820312e-03
1.894384622573852539e-03 7.595419883728027344e-04
3.114730119705200195e-03 4.582554101943969727e-03
1.276436448097229004e-02 9.589076042175292969e-03
4.482001066207885742e-03 2.443730831146240234e-03
1.263678073883056641e-03 3.946214914321899414e-03
9.544193744659423828e-04 3.326684236526489258e-03
1.001626253128051758e-03 7.089078426361083984e-04
7.360786199569702148e-03 2.050012350082397461e-03
4.970103502273559570e-03 6.663769483566284180e-03
1.260697841644287109e-03 1.420468091964721680e-03
6.091594696044921875e-05 3.377377986907958984e-03
1.780301332473754883e-03 1.417428255081176758e-03
5.239188671112060547e-03 2.291831374168395996e-02
2.670049667358398438e-03 2.397301793098449707e-02
4.108071327209472656e-03 8.100569248199462891e-04
9.182095527648925781e-03 2.447336912155151367e-03
