8.731842041015625000e-03 3.559112548828125000e-03
4.302978515625000000e-03 2.730941772460937500e-02
2.849197387695312500e-02 7.476806640625000000e-03
2.459716796875000000e-02 2.032470703125000000e-02
1.422882080078125000e-02 6.132888793945312500e-02
2.458953857421875000e-02 6.866455078125000000e-04
2.066421508789062500e-02 5.543518066406250000e-02
2.822494506835937500e-02 6.729125976562500000e-03
8.025741577148437500e-02 1.491928100585937500e-02
5.704879760742187500e-02 7.048416137695312500e-02
2.992248535156250000e-02 4.951477050781250000e-03
2.880096435546875000e-02 4.875564575195312500e-02
4.661560058593750000e-03 3.871154785156250000e-02
4.045867919921875000e-02 1.268005371093750000e-02
4.463195800781250000e-04 6.921386718750000000e-02
3.434753417968750000e-02 1.889038085937500000e-02
1.314163208007812500e-02 3.579330444335937500e-02
3.412246704101562500e-02 4.479598999023437500e-02
6.774902343750000000e-03 3.120422363281250000e-03
6.274795532226562500e-02 7.316589355468750000e-03
7.199096679687500000e-02 6.366729736328125000e-03
3.557586669921875000e-02 1.179122924804687500e-02
5.899810791015625000e-02 4.269027709960937500e-02
2.032852172851562500e-02 6.445693969726562500e-02
1.627349853515625000e-02 6.531906127929687500e-02
1.144409179687500000e-02 7.220840454101562500e-02
2.162551879882812500e-02 3.045654296875000000e-02
3.421401977539062500e-02 2.683258056640625000e-02
1.832580566406250000e-02 9.792327880859375000e-03
3.405380249023437500e-02 1.192474365234375000e-02
2.618789672851562500e-02 4.047393798828125000e-03
5.071640014648437500e-02 3.992462158203125000e-02
1.255416870117187500e-02 1.001739501953125000e-02
3.063201904296875000e-03 2.400588989257812500e-02
1.410942077636718750e-01 1.795768737792968750e-01
2.770996093750000000e-02 6.244659423828125000e-03
5.861282348632812500e-02 5.453491210937500000e-02
2.971649169921875000e-02 6.549835205078125000e-03
2.017211914062500000e-02 6.049728393554687500e-02
4.654693603515625000e-02 5.089569091796875000e-02
4.178619384765625000e-02 7.930755615234375000e-03
4.524993896484375000e-02 7.511138916015625000e-03
2.910232543945312500e-02 1.464462280273437500e-02
