7.758378982543945312e-03 7.336258888244628906e-03
1.348745822906494141e-02 4.201292991638183594e-03
2.099001407623291016e-02 6.507515907287597656e-03
1.970505714416503906e-02 3.207802772521972656e-03
8.709907531738281250e-03 8.569836616516113281e-03
1.719355583190917969e-02 6.896436214447021484e-03
2.024233341217041016e-02 8.765816688537597656e-03
1.853585243225097656e-03 3.193378448486328125e-03
1.909255981445312500e-02 5.501270294189453125e-03
1.389670372009277344e-02 9.460330009460449219e-03
7.850766181945800781e-03 3.288745880126953125e-03
2.945065498352050781e-03 1.954972743988037109e-02
4.714846611022949219e-03 7.869958877563476562e-03
1.056587696075439453e-02 5.129337310791015625e-03
1.616907119750976562e-02 1.697540283203125000e-03
1.796019077301025391e-02 1.786166429519653320e-02
3.995299339294433594e-03 4.072189331054687500e-03
2.107930183410644531e-02 6.052196025848388672e-03
8.573889732360839844e-03 3.349781036376953125e-04
1.051783561706542969e-03 8.072495460510253906e-03
1.115560531616210938e-02 2.000081539154052734e-02
5.226373672485351562e-03 1.922833919525146484e-02
4.319906234741210938e-03 8.406639099121093750e-03
2.973616123199462891e-02 2.317428588867187500e-03
4.083871841430664062e-03 9.248614311218261719e-03
1.511216163635253906e-02 3.399610519409179688e-03
8.583068847656250000e-06 7.214069366455078125e-03
1.624584197998046875e-02 1.209837198257446289e-02
1.814699172973632812e-02 1.797842979431152344e-02
9.011507034301757812e-03 7.277488708496093750e-03
1.208186149597167969e-03 5.838155746459960938e-03
2.745902538299560547e-02 4.318594932556152344e-03
8.857488632202148438e-03 3.879427909851074219e-03
1.208901405334472656e-03 5.850195884704589844e-03
8.835554122924804688e-03 6.075739860534667969e-03
1.779580116271972656e-02 2.704024314880371094e-03
4.891037940979003906e-03 1.583933830261230469e-03
1.913106441497802734e-02 1.244038343429565430e-02
4.557490348815917969e-03 8.208751678466796875e-04
6.939589977264404297e-02 8.884668350219726562e-03
9.520888328552246094e-03 5.516171455383300781e-03
1.946985721588134766e-02 7.770538330078125000e-03
1.985549926757812500e-02 1.947814226150512695e-02
