2.939999103546142578e-04 1.020449399948120117e-02
6.559461355209350586e-03 3.548860549926757812e-04
2.955704927444458008e-03 6.243437528610229492e-03
1.553058624267578125e-03 7.347464561462402344e-04
1.055300235748291016e-03 2.764761447906494141e-03
4.214078187942504883e-03 3.485292196273803711e-03
3.267347812652587891e-03 4.112541675567626953e-03
1.260131597518920898e-03 7.302582263946533203e-03
8.008211851119995117e-03 4.731327295303344727e-03
3.954321146011352539e-03 1.831561326980590820e-03
3.268063068389892578e-03 1.073241233825683594e-03
6.661713123321533203e-04 5.850762128829956055e-03
6.266236305236816406e-04 2.924472093582153320e-03
5.333334207534790039e-03 1.499503850936889648e-03
3.006398677825927734e-03 1.140534877777099609e-03
1.399755477905273438e-03 4.442662000656127930e-03
1.797080039978027344e-05 4.099041223526000977e-03
2.370446920394897461e-03 2.363294363021850586e-03
2.058058977127075195e-03 1.013013720512390137e-02
5.582869052886962891e-04 3.474026918411254883e-03
5.223065614700317383e-03 9.214580059051513672e-04
3.878980875015258789e-03 6.563067436218261719e-04
5.353391170501708984e-04 2.994894981384277344e-03
2.585530281066894531e-03 1.379221677780151367e-03
3.582894802093505859e-03 7.330298423767089844e-03
3.606289625167846680e-03 1.301705837249755859e-03
1.938194036483764648e-03 7.113814353942871094e-04
7.084786891937255859e-03 1.497060060501098633e-03
6.785392761230468750e-04 2.298712730407714844e-03
4.134863615036010742e-03 1.645267009735107422e-03
4.289954900741577148e-03 2.044171094894409180e-03
3.034025430679321289e-03 9.237885475158691406e-03
3.888010978698730469e-04 1.751095056533813477e-03
1.138865947723388672e-03 4.386901855468750000e-04
1.656681299209594727e-03 2.480000257492065430e-03
3.902435302734375000e-03 1.168847084045410156e-04
3.022938966751098633e-03 1.742184162139892578e-03
7.511407136917114258e-03 1.069009304046630859e-03
4.135459661483764648e-03 3.923475742340087891e-04
1.591944694519042969e-02 1.652631163597106934e-02
8.189678192138671875e-04 2.323657274246215820e-03
2.867430448532104492e-03 7.441550493240356445e-03
4.966259002685546875e-04 4.423558712005615234e-04
