1.579284667968750000e-02 1.489639282226562500e-02
4.161834716796875000e-02 6.778717041015625000e-03
2.679443359375000000e-02 1.731109619140625000e-02
3.845596313476562500e-02 1.058578491210937500e-02
1.449584960937500000e-03 1.266860961914062500e-02
1.334762573242187500e-02 2.246856689453125000e-03
1.921463012695312500e-02 6.684112548828125000e-02
4.379272460937500000e-03 1.816940307617187500e-02
9.171676635742187500e-02 5.333709716796875000e-02
8.674621582031250000e-03 1.360702514648437500e-02
1.342773437500000000e-03 2.848052978515625000e-02
1.471710205078125000e-02 5.405426025390625000e-03
3.258514404296875000e-02 1.153564453125000000e-02
1.103439331054687500e-01 1.060333251953125000e-01
5.149841308593750000e-04 1.706314086914062500e-02
2.350616455078125000e-02 8.579254150390625000e-03
2.992630004882812500e-02 4.542922973632812500e-02
4.861068725585937500e-02 2.626037597656250000e-01
1.458358764648437500e-02 2.383422851562500000e-02
4.232406616210937500e-02 4.337692260742187500e-02
4.956054687500000000e-02 1.144409179687500000e-05
1.213798522949218750e-01 1.657714843750000000e-01
4.021072387695312500e-02 1.743316650390625000e-03
9.826660156250000000e-03 4.785919189453125000e-02
1.159667968750000000e-03 4.234695434570312500e-02
3.318786621093750000e-04 2.808380126953125000e-02
2.475738525390625000e-03 4.869079589843750000e-02
4.077911376953125000e-03 2.153015136718750000e-02
1.597595214843750000e-02 5.572891235351562500e-02
8.571624755859375000e-03 4.319000244140625000e-02
6.752014160156250000e-03 5.831527709960937500e-02
2.318954467773437500e-02 7.247924804687500000e-05
3.619384765625000000e-02 2.250671386718750000e-04
3.585815429687500000e-04 6.184005737304687500e-02
7.026672363281250000e-03 2.529144287109375000e-03
1.487350463867187500e-02 2.435684204101562500e-02
3.552246093750000000e-02 1.473236083984375000e-02
2.470779418945312500e-02 3.668212890625000000e-02
5.229568481445312500e-02 1.073913574218750000e-01
2.304840087890625000e-02 2.311325073242187500e-02
4.508972167968750000e-02 7.431411743164062500e-02
4.728698730468750000e-02 1.333961486816406250e-01
2.871322631835937500e-02 3.874969482421875000e-02
