5.142748355865478516e-03 1.285254955291748047e-03
1.213043928146362305e-03 8.230805397033691406e-04
1.331597566604614258e-03 3.827333450317382812e-03
1.967191696166992188e-03 1.436352729797363281e-03
7.095336914062500000e-04 3.541916608810424805e-03
1.061260700225830078e-04 5.776137113571166992e-03
2.408683300018310547e-03 2.098679542541503906e-03
2.457648515701293945e-03 1.799732446670532227e-03
1.932382583618164062e-04 3.375291824340820312e-03
1.635849475860595703e-03 2.911686897277832031e-05
8.069872856140136719e-04 3.518342971801757812e-03
2.164840698242187500e-04 2.872765064239501953e-03
5.097568035125732422e-03 4.279613494873046875e-05
1.335400342941284180e-02 1.645115017890930176e-02
1.831829547882080078e-03 1.911759376525878906e-03
3.880381584167480469e-03 7.458031177520751953e-04
5.103379487991333008e-03 1.487940549850463867e-03
4.081338644027709961e-03 4.229515790939331055e-03
4.511386156082153320e-03 6.392627954483032227e-03
1.305520534515380859e-03 1.215785741806030273e-03
4.830569028854370117e-03 7.538497447967529297e-04
3.738820552825927734e-03 5.388021469116210938e-03
2.647340297698974609e-04 3.669261932373046875e-04
2.166539430618286133e-03 9.278267621994018555e-03
3.042757511138916016e-03 6.086349487304687500e-03
2.584725618362426758e-03 3.071606159210205078e-03
7.858872413635253906e-04 8.630901575088500977e-03
5.143880844116210938e-04 4.522651433944702148e-03
2.130627632141113281e-03 3.855437040328979492e-03
4.697263240814208984e-03 1.166012883186340332e-02
1.591056585311889648e-03 2.216994762420654297e-04
4.474580287933349609e-03 5.697011947631835938e-04
4.459381103515625000e-03 1.377284526824951172e-03
2.057969570159912109e-03 6.932914257049560547e-04
1.341730356216430664e-03 3.577649593353271484e-03
2.745088934898376465e-02 2.655315399169921875e-02
2.058029174804687500e-03 9.854674339294433594e-03
6.845951080322265625e-03 5.221903324127197266e-03
1.660168170928955078e-03 5.010753870010375977e-03
1.328289508819580078e-03 4.360139369964599609e-03
1.755952835083007812e-04 1.479744911193847656e-03
4.987418651580810547e-04 9.429752826690673828e-04
2.642393112182617188e-03 1.496919989585876465e-02
