1.170349121093750000e-02 5.273437500000000000e-02
4.305267333984375000e-02 1.750564575195312500e-01
2.537536621093750000e-02 1.347351074218750000e-02
2.933502197265625000e-03 3.542327880859375000e-02
3.402709960937500000e-03 4.636001586914062500e-02
5.331039428710937500e-02 8.345031738281250000e-02
3.860473632812500000e-03 8.674621582031250000e-03
5.045700073242187500e-02 7.110214233398437500e-02
3.692626953125000000e-03 9.895324707031250000e-03
8.610916137695312500e-02 1.176490783691406250e-01
1.324462890625000000e-02 2.143096923828125000e-02
3.614425659179687500e-02 1.208496093750000000e-02
4.073715209960937500e-02 7.400512695312500000e-04
3.137588500976562500e-02 5.018234252929687500e-02
8.384704589843750000e-03 6.656265258789062500e-02
5.359649658203125000e-03 7.681655883789062500e-02
9.803771972656250000e-02 1.109771728515625000e-01
3.103637695312500000e-02 2.523803710937500000e-02
1.964187622070312500e-02 2.288818359375000000e-04
3.643417358398437500e-02 9.841918945312500000e-04
2.435302734375000000e-02 2.246856689453125000e-02
2.350616455078125000e-02 1.236343383789062500e-02
2.191162109375000000e-02 1.397323608398437500e-02
1.071929931640625000e-03 9.979248046875000000e-03
1.068115234375000000e-04 6.338500976562500000e-02
2.791976928710937500e-02 1.040267944335937500e-02
1.654052734375000000e-02 2.069473266601562500e-02
3.512573242187500000e-02 1.552581787109375000e-02
3.579711914062500000e-02 1.947402954101562500e-02
8.945846557617187500e-02 1.066284179687500000e-01
2.235031127929687500e-02 6.832122802734375000e-03
3.437805175781250000e-02 8.731842041015625000e-03
1.167297363281250000e-02 4.432678222656250000e-03
7.347106933593750000e-03 4.562377929687500000e-02
2.963638305664062500e-02 2.952575683593750000e-03
3.833770751953125000e-03 7.328033447265625000e-03
2.098846435546875000e-02 2.346420288085937500e-02
5.178070068359375000e-02 6.727981567382812500e-02
4.646682739257812500e-02 3.089523315429687500e-02
2.645492553710937500e-02 8.239746093750000000e-04
6.214141845703125000e-03 5.306625366210937500e-02
7.629394531250000000e-05 1.290130615234375000e-02
3.471374511718750000e-03 2.167129516601562500e-02
