4.559755325317382812e-06 7.985234260559082031e-04
1.592397689819335938e-03 5.681097507476806641e-03
1.416862010955810547e-03 1.883894205093383789e-03
1.969754695892333984e-03 1.496568322181701660e-02
2.547740936279296875e-03 2.759486436843872070e-03
3.188729286193847656e-03 8.733749389648437500e-03
4.729539155960083008e-03 3.122955560684204102e-03
3.900796175003051758e-03 7.563203573226928711e-03
7.097780704498291016e-03 1.612603664398193359e-04
5.931556224822998047e-04 3.650486469268798828e-04
6.134808063507080078e-03 4.188418388366699219e-03
1.828014850616455078e-03 3.357321023941040039e-03
4.577279090881347656e-03 2.548724412918090820e-03
4.827558994293212891e-03 7.305145263671875000e-04
1.476407051086425781e-04 1.087099313735961914e-03
1.320451498031616211e-03 4.929274320602416992e-03
2.392053604125976562e-03 2.211630344390869141e-03
9.623169898986816406e-05 2.807974815368652344e-04
1.382529735565185547e-04 1.115351915359497070e-03
4.249483346939086914e-03 7.937848567962646484e-04
4.767060279846191406e-03 6.812542676925659180e-03
2.265244722366333008e-03 9.144246578216552734e-03
1.430958509445190430e-03 1.827716827392578125e-03
2.656102180480957031e-03 6.760656833648681641e-04
2.417832612991333008e-03 5.856662988662719727e-03
4.051327705383300781e-04 1.672923564910888672e-03
2.720087766647338867e-03 4.587262868881225586e-03
1.262992620468139648e-03 1.099136471748352051e-02
3.568112850189208984e-03 5.479097366333007812e-03
3.186136484146118164e-03 4.489630460739135742e-03
9.252429008483886719e-04 2.308517694473266602e-03
6.274282932281494141e-04 1.486927270889282227e-03
3.913640975952148438e-04 4.074215888977050781e-03
4.570186138153076172e-04 2.611517906188964844e-03
1.243084669113159180e-03 1.078498363494873047e-02
8.973479270935058594e-05 1.818448305130004883e-03
1.676380634307861328e-03 2.059996128082275391e-03
1.110404729843139648e-03 5.835980176925659180e-03
1.767694950103759766e-03 1.042652130126953125e-02
1.108407974243164062e-03 1.319348812103271484e-03
1.025021076202392578e-03 3.609061241149902344e-04
6.469905376434326172e-03 1.498430967330932617e-03
1.720577478408813477e-03 5.765497684478759766e-03
