1.621246337890625000e-05 9.298682212829589844e-03
5.650401115417480469e-03 2.008676528930664062e-04
6.393194198608398438e-04 4.719257354736328125e-03
7.485151290893554688e-04 1.797676086425781250e-02
1.798152923583984375e-03 2.536857128143310547e-02
5.321502685546875000e-04 1.434087753295898438e-04
3.454923629760742188e-03 5.259037017822265625e-03
1.649379730224609375e-03 6.527662277221679688e-03
2.948164939880371094e-03 6.945252418518066406e-03
1.289367675781250000e-03 9.757399559020996094e-03
3.715991973876953125e-03 1.959383487701416016e-02
1.578688621520996094e-03 5.901992321014404297e-03
1.692891120910644531e-03 8.331298828125000000e-03
5.172610282897949219e-03 1.673758029937744141e-02
4.125714302062988281e-03 1.227486133575439453e-02
1.489996910095214844e-03 2.158272266387939453e-02
5.561113357543945312e-04 8.629679679870605469e-03
1.380205154418945312e-03 5.731225013732910156e-03
2.207159996032714844e-03 6.083369255065917969e-03
9.574413299560546875e-03 1.923644542694091797e-02
7.714033126831054688e-04 1.811873912811279297e-02
3.580689430236816406e-03 5.422115325927734375e-03
3.073334693908691406e-03 1.899385452270507812e-02
8.336305618286132812e-04 1.536440849304199219e-02
6.370544433593750000e-04 5.660057067871093750e-04
6.867408752441406250e-03 1.958656311035156250e-02
5.308389663696289062e-04 9.375691413879394531e-03
6.976246833801269531e-03 1.100873947143554688e-02
2.200603485107421875e-04 1.320517063140869141e-02
4.721760749816894531e-03 1.474618911743164062e-03
4.494547843933105469e-03 1.232314109802246094e-02
1.140832901000976562e-03 7.594347000122070312e-03
3.943681716918945312e-03 2.552711963653564453e-02
5.297183990478515625e-03 1.918041706085205078e-02
9.875297546386718750e-04 7.023096084594726562e-03
1.460194587707519531e-03 4.221558570861816406e-03
2.455711364746093750e-04 1.292103528976440430e-02
7.384181022644042969e-03 4.592537879943847656e-03
6.707906723022460938e-04 1.688003540039062500e-04
5.614757537841796875e-05 6.938695907592773438e-03
1.300895214080810547e-02 3.329396247863769531e-03
1.145482063293457031e-03 1.303350925445556641e-02
2.949714660644531250e-03 1.118111610412597656e-02
