7.858276367187500000e-04 6.639957427978515625e-04
4.036903381347656250e-03 1.256227493286132812e-02
1.012897491455078125e-02 2.735912799835205078e-02
1.901507377624511719e-03 4.104375839233398438e-03
1.916646957397460938e-03 1.060914993286132812e-02
3.754377365112304688e-03 8.591175079345703125e-03
1.132488250732421875e-05 1.644146442413330078e-02
7.355213165283203125e-05 1.265835762023925781e-02
1.487255096435546875e-03 1.411318778991699219e-03
3.935456275939941406e-03 1.451969146728515625e-04
2.567648887634277344e-03 2.363932132720947266e-02
7.083415985107421875e-04 1.729440689086914062e-02
1.132130622863769531e-03 9.970545768737792969e-03
3.265738487243652344e-03 3.109335899353027344e-03
1.072096824645996094e-02 1.545381546020507812e-02
3.090739250183105469e-03 1.152497529983520508e-02
3.831744194030761719e-03 3.244400024414062500e-03
8.593797683715820312e-04 5.492329597473144531e-03
3.613233566284179688e-04 1.061987876892089844e-02
2.120852470397949219e-03 9.492516517639160156e-03
2.459645271301269531e-03 1.949679851531982422e-02
7.001161575317382812e-04 1.047646999359130859e-02
1.458168029785156250e-03 3.334283828735351562e-04
4.227161407470703125e-04 3.082036972045898438e-03
3.865718841552734375e-03 6.311058998107910156e-03
6.006360054016113281e-03 2.873063087463378906e-03
1.879811286926269531e-03 3.523409366607666016e-03
1.935601234436035156e-03 1.646673679351806641e-02
2.306461334228515625e-03 5.101561546325683594e-03
1.710534095764160156e-03 1.151311397552490234e-02
1.000165939331054688e-03 9.821653366088867188e-04
1.788735389709472656e-03 6.520509719848632812e-03
5.718469619750976562e-04 1.019871234893798828e-02
4.708766937255859375e-03 7.580518722534179688e-03
3.800749778747558594e-03 1.250183582305908203e-02
5.013942718505859375e-03 1.266705989837646484e-02
3.017306327819824219e-03 7.648468017578125000e-04
9.344935417175292969e-03 5.511045455932617188e-03
1.459276676177978516e-02 2.030956745147705078e-02
8.569598197937011719e-03 1.860260963439941406e-02
2.018213272094726562e-04 3.995656967163085938e-03
8.718967437744140625e-04 2.280831336975097656e-03
2.094268798828125000e-03 3.507494926452636719e-03
