5.441009998321533203e-04 7.819235324859619141e-04
3.039836883544921875e-05 1.939654350280761719e-03
9.649693965911865234e-04 5.587160587310791016e-03
1.069515943527221680e-03 1.337796449661254883e-03
4.021942615509033203e-03 9.668171405792236328e-04
4.172623157501220703e-04 4.021912813186645508e-03
6.093084812164306641e-04 2.613902091979980469e-03
4.531145095825195312e-04 5.785167217254638672e-03
2.469658851623535156e-03 3.564864397048950195e-03
2.070724964141845703e-03 1.256018877029418945e-03
2.157956361770629883e-03 5.328476428985595703e-03
3.013610839843750000e-04 1.465290784835815430e-03
7.557868957519531250e-05 2.282565832138061523e-02
6.256937980651855469e-03 8.738607168197631836e-03
1.435935497283935547e-03 1.088559627532958984e-03
4.169583320617675781e-03 9.675234556198120117e-03
1.420944929122924805e-03 5.048930644989013672e-03
8.997887372970581055e-03 5.361437797546386719e-05
1.687526702880859375e-03 5.034744739532470703e-03
1.293808221817016602e-03 2.383053302764892578e-03
1.350641250610351562e-03 4.045277833938598633e-03
5.012065172195434570e-03 1.421898603439331055e-03
2.896040678024291992e-03 1.337260007858276367e-03
3.182739019393920898e-03 3.606408834457397461e-03
9.552240371704101562e-04 3.346264362335205078e-03
3.200322389602661133e-03 9.256601333618164062e-04
7.114499807357788086e-03 5.819499492645263672e-04
7.516145706176757812e-04 6.655454635620117188e-04
3.396272659301757812e-04 1.563906669616699219e-03
1.405239105224609375e-03 5.355238914489746094e-03
2.968996763229370117e-03 1.315444707870483398e-03
1.245498657226562500e-03 5.146265029907226562e-04
2.244621515274047852e-03 1.286324858665466309e-02
2.955794334411621094e-04 1.202613115310668945e-03
1.470446586608886719e-04 4.822909832000732422e-04
3.333300352096557617e-03 5.552828311920166016e-03
1.074194908142089844e-03 1.510471105575561523e-03
6.916522979736328125e-04 6.748139858245849609e-04
1.184850931167602539e-03 1.019358634948730469e-03
9.794235229492187500e-04 3.299891948699951172e-03
1.105189323425292969e-03 2.008765935897827148e-03
3.355145454406738281e-04 2.351969480514526367e-03
6.088912487030029297e-04 7.323741912841796875e-03
