3.185153007507324219e-03
2.588748931884765625e-03
4.598855972290039062e-03
3.280162811279296875e-03
6.367444992065429688e-03
4.154682159423828125e-03
4.287362098693847656e-03
2.009391784667968750e-03
4.916071891784667969e-03
2.677083015441894531e-03
2.915740013122558594e-03
4.694461822509765625e-04
8.050322532653808594e-03
1.185226440429687500e-02
1.307129859924316406e-02
3.614068031311035156e-03
2.462983131408691406e-03
4.830241203308105469e-03
1.338839530944824219e-03
1.090884208679199219e-03
1.793622970581054688e-03
5.408287048339843750e-03
1.319766044616699219e-03
6.055831909179687500e-05
6.066679954528808594e-03
1.237273216247558594e-03
1.833677291870117188e-03
1.301884651184082031e-03
7.351636886596679688e-04
8.703470230102539062e-04
1.558661460876464844e-03
3.209710121154785156e-03
8.932590484619140625e-03
8.721351623535156250e-04
2.146959304809570312e-03
2.517342567443847656e-03
5.196332931518554688e-04
6.705522537231445312e-04
1.196265220642089844e-03
9.059906005859375000e-04
1.126968860626220703e-02
1.830458641052246094e-03
9.702444076538085938e-04
