1.131296157836914062e-03 3.637701272964477539e-03
1.199096441268920898e-03 4.074811935424804688e-03
1.882255077362060547e-03 9.599626064300537109e-04
2.083659172058105469e-03 9.025424718856811523e-03
1.398974657058715820e-02 1.645350456237792969e-02
1.034861803054809570e-02 1.403135061264038086e-02
9.368658065795898438e-04 3.676325082778930664e-03
2.006202936172485352e-03 4.408985376358032227e-03
1.093119382858276367e-03 5.289554595947265625e-03
1.059624552726745605e-02 3.695607185363769531e-03
6.852149963378906250e-04 1.601606607437133789e-03
2.711117267608642578e-04 1.301139593124389648e-03
1.389801502227783203e-03 2.058327198028564453e-03
1.130253076553344727e-03 9.811967611312866211e-03
6.896615028381347656e-03 1.127827167510986328e-02
2.287626266479492188e-03 4.274904727935791016e-03
1.004993915557861328e-03 5.355238914489746094e-03
3.461688756942749023e-03 7.867813110351562500e-06
2.007216215133666992e-03 8.374452590942382812e-05
5.384981632232666016e-04 2.811551094055175781e-03
1.776397228240966797e-03 2.801865339279174805e-03
1.795917749404907227e-03 4.367172718048095703e-03
1.049041748046875000e-03 5.454272031784057617e-03
7.861256599426269531e-04 7.005035877227783203e-04
2.961388230323791504e-02 2.799370884895324707e-02
3.668963909149169922e-04 9.133845567703247070e-03
1.532614231109619141e-03 6.460934877395629883e-03
1.606732606887817383e-03 3.847360610961914062e-03
6.241798400878906250e-04 3.861457109451293945e-03
2.909302711486816406e-04 7.953643798828125000e-04
4.747539758682250977e-03 2.203136682510375977e-03
6.621092557907104492e-03 1.604825258255004883e-03
8.714199066162109375e-05 2.100080251693725586e-03
1.889109611511230469e-03 4.106253385543823242e-03
3.870725631713867188e-04 2.908796072006225586e-03
5.069375038146972656e-05 1.961290836334228516e-04
8.867383003234863281e-04 8.549690246582031250e-04
1.113831996917724609e-03 1.519232988357543945e-03
2.677828073501586914e-03 2.669155597686767578e-03
9.031593799591064453e-04 5.183815956115722656e-04
1.347631216049194336e-03 4.748821258544921875e-03
1.761436462402343750e-03 1.777410507202148438e-03
1.098185777664184570e-03 4.141151905059814453e-03
