1.935195922851562500e-02 1.724624633789062500e-02
3.088378906250000000e-02 3.379058837890625000e-02
3.186416625976562500e-02 2.222442626953125000e-02
5.744171142578125000e-02 1.523590087890625000e-02
1.161193847656250000e-02 5.133819580078125000e-02
1.575469970703125000e-02 5.334472656250000000e-02
1.663208007812500000e-02 7.614135742187500000e-02
4.700851440429687500e-02 6.450653076171875000e-03
6.744003295898437500e-02 1.408004760742187500e-02
4.484558105468750000e-02 2.367782592773437500e-02
1.734924316406250000e-02 1.115798950195312500e-02
5.640792846679687500e-02 3.734588623046875000e-03
7.793045043945312500e-02 3.464126586914062500e-02
4.144287109375000000e-02 9.304809570312500000e-02
8.476257324218750000e-03 2.448272705078125000e-02
4.400253295898437500e-02 7.562255859375000000e-02
1.822662353515625000e-02 5.031585693359375000e-03
1.139068603515625000e-02 5.036926269531250000e-02
3.945541381835937500e-02 1.215744018554687500e-02
6.351470947265625000e-03 4.554748535156250000e-03
3.910064697265625000e-03 5.687713623046875000e-03
1.730346679687500000e-02 5.886077880859375000e-03
5.375289916992187500e-02 2.806472778320312500e-02
1.259994506835937500e-02 1.982116699218750000e-02
4.497528076171875000e-03 2.559661865234375000e-03
3.012084960937500000e-02 6.052398681640625000e-02
6.478500366210937500e-02 1.958465576171875000e-02
2.021789550781250000e-03 1.403427124023437500e-02
4.207992553710937500e-02 3.196334838867187500e-02
6.900787353515625000e-03 5.435943603515625000e-02
1.913833618164062500e-02 7.480621337890625000e-03
3.951263427734375000e-02 4.664993286132812500e-02
4.175186157226562500e-02 8.071899414062500000e-03
9.239196777343750000e-03 7.745742797851562500e-02
3.453063964843750000e-02 1.022338867187500000e-02
3.840255737304687500e-02 9.136199951171875000e-03
3.975677490234375000e-02 5.500793457031250000e-03
4.108810424804687500e-02 3.820037841796875000e-02
4.322433471679687500e-02 2.438735961914062500e-02
8.852005004882812500e-02 1.134643554687500000e-01
8.105468750000000000e-02 2.404785156250000000e-02
4.957580566406250000e-02 1.316070556640625000e-02
9.536743164062500000e-05 2.672958374023437500e-02
