4.877209663391113281e-03 3.510177135467529297e-03
3.561109304428100586e-03 4.407823085784912109e-03
1.704216003417968750e-03 3.987580537796020508e-03
2.503991127014160156e-03 2.884149551391601562e-03
2.906560897827148438e-03 2.625018358230590820e-03
2.270370721817016602e-03 2.718746662139892578e-03
1.888573169708251953e-04 2.702921628952026367e-03
4.170328378677368164e-03 1.236319541931152344e-03
8.883476257324218750e-04 2.051502466201782227e-03
7.444441318511962891e-03 1.546648144721984863e-02
2.002716064453125000e-03 1.608371734619140625e-03
4.292726516723632812e-04 1.167148351669311523e-03
1.446753740310668945e-03 2.006381750106811523e-03
3.985852003097534180e-03 6.224155426025390625e-03
3.706932067871093750e-03 3.875017166137695312e-03
1.287460327148437500e-05 3.282517194747924805e-03
2.691149711608886719e-05 9.477138519287109375e-06
3.113448619842529297e-03 9.030103683471679688e-04
5.128532648086547852e-03 1.201093196868896484e-03
3.398060798645019531e-04 2.604693174362182617e-03
8.968412876129150391e-04 9.455382823944091797e-04
1.335829496383666992e-03 4.482209682464599609e-03
5.699098110198974609e-04 1.482814550399780273e-03
1.102775335311889648e-03 2.779632806777954102e-03
4.015058279037475586e-03 8.272528648376464844e-04
4.679560661315917969e-04 2.518671751022338867e-02
9.382069110870361328e-04 8.248209953308105469e-03
4.738569259643554688e-06 1.498997211456298828e-03
2.305954694747924805e-03 6.490945816040039062e-05
7.007718086242675781e-04 2.883762121200561523e-03
1.630842685699462891e-03 7.507801055908203125e-04
1.412600278854370117e-03 7.655024528503417969e-04
1.462221145629882812e-03 7.757425308227539062e-03
1.324057579040527344e-03 2.132952213287353516e-03
2.651214599609375000e-03 3.200352191925048828e-03
5.485117435455322266e-04 1.891732215881347656e-03
4.393786191940307617e-03 8.501976728439331055e-03
3.787636756896972656e-03 2.879410982131958008e-03
3.324210643768310547e-03 8.510351181030273438e-04
6.869941949844360352e-03 1.179713010787963867e-02
2.718836069107055664e-03 4.103779792785644531e-05
2.287238836288452148e-03 8.799433708190917969e-04
1.462072134017944336e-03 1.079827547073364258e-02
