5.525350570678710938e-03 2.948641777038574219e-03
5.571126937866210938e-03 1.200795173645019531e-03
1.535296440124511719e-03 8.281946182250976562e-03
1.187920570373535156e-02 2.633810043334960938e-03
5.423665046691894531e-03 1.112484931945800781e-02
2.273917198181152344e-03 8.180737495422363281e-03
4.054307937622070312e-03 2.661287784576416016e-02
5.918979644775390625e-03 2.126097679138183594e-03
1.054728031158447266e-02 2.157878875732421875e-02
1.670479774475097656e-03 5.252480506896972656e-03
2.182483673095703125e-03 1.578807830810546875e-03
4.020571708679199219e-03 6.901144981384277344e-03
2.421021461486816406e-03 2.286040782928466797e-02
5.226135253906250000e-04 6.485641002655029297e-03
1.767277717590332031e-03 1.995444297790527344e-03
3.191232681274414062e-04 1.996541023254394531e-02
2.519011497497558594e-03 8.361935615539550781e-03
9.710788726806640625e-04 1.705336570739746094e-02
3.409862518310546875e-03 6.557583808898925781e-03
1.010179519653320312e-03 1.172089576721191406e-02
4.782676696777343750e-04 1.169174909591674805e-02
3.992080688476562500e-03 1.156520843505859375e-02
5.161762237548828125e-04 5.449891090393066406e-03
2.333998680114746094e-03 2.354741096496582031e-03
9.266138076782226562e-04 1.688420772552490234e-02
1.101827621459960938e-02 2.247130870819091797e-02
4.801034927368164062e-03 1.661896705627441406e-03
2.923727035522460938e-03 8.943080902099609375e-03
2.388000488281250000e-03 1.617729663848876953e-02
1.513004302978515625e-03 6.530284881591796875e-04
1.655101776123046875e-03 7.299661636352539062e-03
3.216266632080078125e-03 2.668619155883789062e-03
5.530118942260742188e-04 8.549690246582031250e-04
1.313686370849609375e-03 1.159739494323730469e-02
6.704330444335937500e-04 1.219427585601806641e-02
4.972219467163085938e-04 1.359152793884277344e-02
1.734375953674316406e-03 6.103515625000000000e-05
6.791353225708007812e-04 7.858395576477050781e-03
9.105205535888671875e-04 2.050471305847167969e-02
8.774995803833007812e-04 1.978874206542968750e-02
4.725694656372070312e-03 2.393126487731933594e-03
2.971172332763671875e-03 8.603692054748535156e-03
1.859664916992187500e-04 1.816749572753906250e-03
