2.233833074569702148e-03 6.427854299545288086e-03
1.804977655410766602e-03 1.219063997268676758e-03
2.198398113250732422e-03 4.256367683410644531e-03
1.185595989227294922e-03 2.423614263534545898e-03
1.586109399795532227e-03 2.335101366043090820e-03
4.842340946197509766e-03 1.967042684555053711e-03
2.570897340774536133e-03 5.627274513244628906e-04
2.211332321166992188e-03 5.532205104827880859e-04
3.080815076828002930e-03 1.461207866668701172e-04
2.150058746337890625e-03 6.508797407150268555e-03
2.562105655670166016e-03 6.811022758483886719e-04
1.925975084304809570e-03 4.463553428649902344e-03
5.784630775451660156e-05 3.207623958587646484e-04
3.700554370880126953e-04 1.020818948745727539e-03
1.014620065689086914e-03 2.286881208419799805e-03
2.489358186721801758e-03 2.771615982055664062e-06
1.238942146301269531e-03 2.320587635040283203e-03
9.098649024963378906e-05 4.016250371932983398e-03
3.589540719985961914e-03 1.745015382766723633e-03
4.387497901916503906e-04 3.844320774078369141e-03
3.990828990936279297e-03 3.269553184509277344e-03
4.453063011169433594e-04 3.674209117889404297e-03
1.652270555496215820e-03 3.281533718109130859e-04
6.969422101974487305e-03 1.534181833267211914e-02
4.350394010543823242e-03 6.761789321899414062e-03
4.896193742752075195e-03 1.437932252883911133e-03
3.286153078079223633e-03 2.031445503234863281e-03
5.725145339965820312e-03 2.269566059112548828e-03
9.281933307647705078e-04 6.981432437896728516e-03
5.670696496963500977e-03 3.873258829116821289e-03
3.457069396972656250e-05 1.081824302673339844e-03
4.793524742126464844e-03 3.103494644165039062e-03
4.431456327438354492e-03 3.567099571228027344e-03
2.494364976882934570e-03 1.929223537445068359e-03
3.172814846038818359e-03 4.249811172485351562e-05
4.035830497741699219e-04 1.414349675178527832e-02
5.338817834854125977e-03 7.803916931152343750e-03
3.977030515670776367e-03 1.585006713867187500e-03
6.169110536575317383e-03 4.920840263366699219e-03
4.547834396362304688e-05 5.375802516937255859e-03
1.425445079803466797e-04 7.258355617523193359e-04
1.362174749374389648e-03 1.359283924102783203e-03
5.686283111572265625e-05 5.421310663223266602e-03
