1.011043787002563477e-03 6.233453750610351562e-04
8.802711963653564453e-04 2.152353525161743164e-03
2.381056547164916992e-03 7.614403963088989258e-03
1.083865761756896973e-02 9.779721498489379883e-03
1.470744609832763672e-04 5.408346652984619141e-03
4.024058580398559570e-03 5.449712276458740234e-03
2.875328063964843750e-04 3.176331520080566406e-03
3.308951854705810547e-03 2.267062664031982422e-03
4.374206066131591797e-03 7.909119129180908203e-03
8.403658866882324219e-04 2.792567014694213867e-03
2.934038639068603516e-04 7.385611534118652344e-04
1.303195953369140625e-03 2.512216567993164062e-03
1.482605934143066406e-03 5.964457988739013672e-03
1.749992370605468750e-04 1.760005950927734375e-03
1.294881105422973633e-03 1.532405614852905273e-03
1.009106636047363281e-03 3.692805767059326172e-04
2.538651227951049805e-03 8.247494697570800781e-03
1.737207174301147461e-03 3.192812204360961914e-03
5.929201841354370117e-03 8.199065923690795898e-03
5.322098731994628906e-04 2.223938703536987305e-03
4.523396492004394531e-04 3.227353096008300781e-03
1.107454299926757812e-03 1.727402210235595703e-03
3.242790699005126953e-04 9.110867977142333984e-04
2.460420131683349609e-03 5.112826824188232422e-03
4.121661186218261719e-05 8.754432201385498047e-04
1.133978366851806641e-03 6.459355354309082031e-04
1.100569963455200195e-03 1.900047063827514648e-03
2.256959676742553711e-03 7.277816534042358398e-03
8.004903793334960938e-04 3.995060920715332031e-03
3.109872341156005859e-04 1.446098089218139648e-03
2.139806747436523438e-05 5.307495594024658203e-04
2.172589302062988281e-04 1.626729965209960938e-03
2.746582031250000000e-04 8.223056793212890625e-04
1.747012138366699219e-04 5.265414714813232422e-03
2.863675355911254883e-03 4.478126764297485352e-03
3.713756799697875977e-03 3.508150577545166016e-03
1.531928777694702148e-03 1.234948635101318359e-03
7.938444614410400391e-04 1.331627368927001953e-03
1.265108585357666016e-04 4.163384437561035156e-04
2.046912908554077148e-03 1.131626963615417480e-02
4.014283418655395508e-03 2.465251088142395020e-02
5.261898040771484375e-04 1.203626394271850586e-03
7.271468639373779297e-04 1.207023859024047852e-03
