3.760695457458496094e-03 2.622604370117187500e-06
7.140040397644042969e-03 1.783430576324462891e-03
4.109978675842285156e-03 1.192092895507812500e-07
8.600234985351562500e-03 2.622604370117187500e-06
6.365764141082763672e-02 1.185153722763061523e-01
7.665574550628662109e-03 4.206240177154541016e-03
7.288497686386108398e-02 1.247662305831909180e-01
3.067564964294433594e-02 6.921428442001342773e-02
6.275296211242675781e-03 1.950544118881225586e-02
1.900959014892578125e-02 2.384185791015625000e-07
3.562808036804199219e-02 8.096998929977416992e-02
6.161087751388549805e-02 1.008565425872802734e-01
7.389318943023681641e-02 1.390606760978698730e-01
6.933212280273437500e-02 1.344783306121826172e-01
2.769732475280761719e-02 5.960464477539062500e-07
3.762638568878173828e-02 8.860445022583007812e-02
2.554655075073242188e-02 6.017410755157470703e-02
1.335299015045166016e-02 3.576278686523437500e-07
1.243984699249267578e-02 1.225560903549194336e-02
2.928280830383300781e-02 5.960464477539062500e-07
7.580220699310302734e-03 2.384185791015625000e-07
7.218658924102783203e-02 2.384185791015625000e-06
1.080065965652465820e-01 2.123063802719116211e-01
8.575975894927978516e-03 8.073449134826660156e-03
2.503395080566406250e-06 1.192092895507812500e-07
2.853453159332275391e-03 1.072883605957031250e-06
4.903316497802734375e-03 3.576278686523437500e-07
1.225751638412475586e-02 2.189034223556518555e-02
6.571847200393676758e-02 9.832853078842163086e-02
7.228374481201171875e-03 2.384185791015625000e-07
8.848905563354492188e-04 7.152557373046875000e-07
8.550941944122314453e-03 1.688849925994873047e-02
2.864241600036621094e-02 8.344650268554687500e-07
5.901753902435302734e-03 5.960464477539062500e-07
1.324594020843505859e-02 3.364497423171997070e-02
5.565941333770751953e-03 1.783430576324462891e-03
4.698181152343750000e-02 6.921428442001342773e-02
7.021009922027587891e-03 2.231657505035400391e-03
8.244335651397705078e-03 1.192092895507812500e-06
5.855304002761840820e-02 7.152557373046875000e-07
1.387677788734436035e-01 2.515645027160644531e-01
7.122278213500976562e-03 5.725324153900146484e-03
1.903712749481201172e-02 1.311302185058593750e-06
