5.781173706054687500e-02 1.875381469726562500e-01
7.129669189453125000e-03 3.021240234375000000e-02
6.526947021484375000e-03 2.634429931640625000e-02
1.162719726562500000e-02 9.876251220703125000e-03
5.950927734375000000e-04 3.929138183593750000e-03
2.413177490234375000e-02 2.506637573242187500e-02
1.011276245117187500e-02 1.629638671875000000e-02
1.619338989257812500e-02 5.991744995117187500e-02
3.686904907226562500e-02 2.232170104980468750e-01
3.118133544921875000e-02 2.428436279296875000e-02
7.389068603515625000e-03 4.587173461914062500e-02
2.370452880859375000e-02 2.286148071289062500e-02
2.079010009765625000e-02 2.605819702148437500e-02
1.283264160156250000e-02 1.789093017578125000e-03
2.540206909179687500e-02 5.388259887695312500e-02
2.352142333984375000e-02 1.819229125976562500e-02
2.525329589843750000e-03 2.861022949218750000e-03
3.326034545898437500e-02 1.078414916992187500e-02
1.513671875000000000e-02 5.186080932617187500e-02
3.630828857421875000e-02 1.026039123535156250e-01
1.810455322265625000e-02 2.379608154296875000e-02
4.064178466796875000e-02 2.865982055664062500e-02
1.018142700195312500e-02 3.028869628906250000e-03
3.291320800781250000e-02 4.128646850585937500e-02
6.004714965820312500e-02 4.257583618164062500e-02
3.174972534179687500e-02 5.020141601562500000e-03
1.865386962890625000e-03 4.253387451171875000e-03
1.223754882812500000e-02 2.951431274414062500e-02
3.089523315429687500e-02 2.907562255859375000e-02
3.585815429687500000e-04 5.542755126953125000e-03
2.567291259765625000e-02 2.386856079101562500e-02
1.185607910156250000e-02 3.643035888671875000e-02
6.313323974609375000e-03 4.444122314453125000e-03
2.222442626953125000e-02 2.329254150390625000e-02
4.164123535156250000e-02 4.029464721679687500e-02
6.256103515625000000e-03 2.560806274414062500e-02
1.713943481445312500e-02 4.803848266601562500e-02
5.580902099609375000e-03 3.318786621093750000e-04
4.188537597656250000e-03 1.074981689453125000e-02
3.269577026367187500e-02 2.413177490234375000e-02
1.534271240234375000e-02 3.103637695312500000e-02
4.960250854492187500e-02 4.755401611328125000e-02
8.399963378906250000e-03 3.166580200195312500e-02
