2.541942596435546875e-01 8.256731033325195312e-01
5.064954757690429688e-01 4.113235473632812500e-01
1.944208145141601562e-01 1.366895675659179688e+00
3.074903488159179688e-01 2.208550930023193359e+00
1.499462127685546875e-01 2.287001132965087891e+00
2.082309722900390625e-01 1.155468463897705078e+00
4.400510787963867188e-01 9.643878936767578125e-01
8.954524993896484375e-02 1.333289146423339844e-01
1.124639511108398438e-01 8.591022491455078125e-01
3.510065078735351562e-01 5.747137069702148438e-01
6.700229644775390625e-02 4.509677886962890625e-01
5.790672302246093750e-01 4.783547401428222656e+00
8.185129165649414062e-01 1.523335456848144531e+00
9.375720024108886719e-01 8.489240646362304688e+00
5.950708389282226562e-01 8.480983734130859375e+00
2.498788833618164062e-01 1.913621425628662109e+00
3.194618225097656250e-02 1.084718704223632812e-01
4.453389644622802734e-01 3.699805736541748047e-01
7.609395980834960938e-01 1.257233619689941406e+00
1.421929359436035156e+00 2.649285316467285156e+00
3.757953643798828125e-01 8.415126800537109375e-01
6.346702575683593750e-02 1.551023483276367188e+00
1.635198593139648438e-01 6.670341491699218750e-01
2.693452835083007812e-01 2.043017864227294922e+00
7.290277481079101562e-01 2.544137954711914062e+00
5.406951904296875000e-02 1.120525836944580078e+00
9.271144866943359375e-02 1.492314815521240234e+00
1.082658648490905762e+00 3.338359117507934570e+00
1.368074417114257812e-01 1.523732185363769531e+00
2.694225311279296875e-02 1.724033832550048828e+00
1.622415542602539062e+00 4.490153312683105469e+00
6.427278518676757812e-01 1.217036724090576172e+00
6.832661628723144531e-01 1.802834033966064453e+00
1.806219100952148438e+00 2.130160331726074219e-01
2.744474411010742188e-01 7.185435295104980469e-01
2.283992767333984375e-01 1.659795761108398438e+00
2.159080505371093750e-01 3.820695877075195312e-01
5.327253341674804688e-01 1.196674346923828125e+00
1.019661903381347656e+00 5.260775566101074219e+00
4.517230987548828125e-01 1.774000167846679688e+00
1.332979202270507812e-01 1.757571220397949219e+00
2.408962249755859375e-01 1.828310012817382812e+00
1.798181533813476562e-01 3.966622352600097656e-01
