1.472148895263671875e-01 1.542962074279785156e+00
7.328119277954101562e-01 6.955394744873046875e-01
7.947101593017578125e-01 9.459781646728515625e-01
2.798191308975219727e-01 4.445658206939697266e+00
6.620519638061523438e+00 1.343778991699218750e+01
3.530597686767578125e-02 1.467459678649902344e+00
5.490140914916992188e-01 1.800234794616699219e+00
9.951152801513671875e-01 1.284935951232910156e+00
6.170749664306640625e-02 9.274172782897949219e-01
3.331260681152343750e-01 2.892580032348632812e-01
5.986282825469970703e-01 1.884351015090942383e+00
4.950771331787109375e-01 1.994431495666503906e+00
4.169816970825195312e-01 1.579980850219726562e+00
5.651664733886718750e-02 3.853940963745117188e-01
5.891532897949218750e-01 2.090857505798339844e+00
3.430175781250000000e-01 1.582508087158203125e+00
2.583541870117187500e-01 5.435943603515625000e-02
1.116865158081054688e+00 4.910407066345214844e-01
7.963895797729492188e-02 1.119278907775878906e+00
5.553293228149414062e-02 1.118293285369873047e+00
2.993836402893066406e-01 1.411218643188476562e+00
7.824497222900390625e-01 1.010866165161132812e-01
8.684806823730468750e-01 9.731941223144531250e-01
1.328058242797851562e-01 5.430727005004882812e-01
1.675236701965332031e+00 1.988120079040527344e+00
1.425154685974121094e+00 7.420749664306640625e-01
1.415942072868347168e+00 1.546403884887695312e+00
6.768331527709960938e-01 1.110970497131347656e+00
1.609108924865722656e+00 1.914928436279296875e+00
9.671115875244140625e-01 1.695035934448242188e+00
5.562391281127929688e-01 6.500291824340820312e-01
1.954879760742187500e-01 4.761829376220703125e-01
8.059415817260742188e-01 1.258701324462890625e+00
3.630027770996093750e-01 8.847808837890625000e-02
2.780694961547851562e-01 1.427887916564941406e+00
2.299022674560546875e-02 1.954993724822998047e+00
5.960474014282226562e-01 1.679496288299560547e+00
1.400876045227050781e-01 6.415786743164062500e-01
5.143737792968750000e-01 1.787631034851074219e+00
5.993947982788085938e-01 1.538038253784179688e+00
3.769713044166564941e-01 3.638602972030639648e+00
3.367004394531250000e-01 9.631338119506835938e-01
4.289464950561523438e-01 2.063829421997070312e+00
