2.670258283615112305e-03 9.009838104248046875e-04
1.207053661346435547e-03 1.432508230209350586e-03
2.721607685089111328e-03 3.959834575653076172e-03
6.934404373168945312e-04 2.441927790641784668e-02
3.454983234405517578e-03 1.708984375000000000e-03
2.092123031616210938e-03 1.952573657035827637e-02
2.273827791213989258e-03 1.391947269439697266e-03
8.481442928314208984e-04 1.296341419219970703e-03
2.373278141021728516e-03 2.785146236419677734e-03
1.013040542602539062e-03 1.421988010406494141e-03
9.295642375946044922e-04 1.080155372619628906e-03
5.624294281005859375e-04 1.873135566711425781e-03
2.426862716674804688e-03 1.167088747024536133e-03
1.796752214431762695e-03 7.765293121337890625e-04
1.227259635925292969e-03 5.003988742828369141e-03
2.791285514831542969e-04 1.318514347076416016e-03
1.537919044494628906e-03 1.126974821090698242e-03
8.704066276550292969e-04 2.213120460510253906e-04
4.455029964447021484e-03 2.452105283737182617e-03
5.490183830261230469e-03 1.020097732543945312e-02
8.913874626159667969e-05 1.078000664710998535e-02
2.540528774261474609e-03 2.291172742843627930e-03
1.850724220275878906e-05 2.825856208801269531e-04
1.991808414459228516e-03 4.607886075973510742e-03
2.184659242630004883e-03 2.686977386474609375e-04
1.751571893692016602e-03 3.172516822814941406e-03
4.847764968872070312e-03 8.161962032318115234e-04
5.033612251281738281e-04 3.406733274459838867e-03
2.764731645584106445e-03 1.998007297515869141e-03
7.439851760864257812e-04 1.211196184158325195e-03
1.482903957366943359e-03 3.324270248413085938e-03
3.386646509170532227e-03 5.265474319458007812e-04
1.744747161865234375e-03 4.821121692657470703e-03
3.262162208557128906e-04 2.765744924545288086e-03
1.889526844024658203e-03 3.037452697753906250e-03
1.065015792846679688e-03 8.066594600677490234e-04
4.874467849731445312e-03 4.358440637588500977e-03
2.378225326538085938e-05 2.787411212921142578e-03
2.352446317672729492e-03 3.398776054382324219e-03
5.369186401367187500e-03 3.623366355895996094e-03
3.639400005340576172e-03 4.007816314697265625e-04
3.407895565032958984e-04 1.408934593200683594e-03
1.190751791000366211e-03 1.584291458129882812e-03
